Set the default float type to float64
add Fourier feature transform to input transform
add output transform with [-3.1709792e-04 -3.1709792e-04 -3.1709792e-06 -3.1709792e-06
 -1.0000000e+03  1.0000000e+01  1.0000000e-02] and [3.1709792e-04 3.1709792e-04 3.1709792e-06 3.1709792e-06 4.0000000e+03
 4.0000000e+03 1.0000000e+04]
Compiling model...
'compile' took 0.005503 s

Training model...

Step      Train loss                                                                                                        Test loss                                                                                                         Test metric
0         [8.37e+01, 1.39e+02, 9.22e+01, 1.73e+02, 4.35e+02, 1.90e+03, 5.28e-02, 8.54e-02, 2.77e+00, 2.08e+01, 9.29e-02]    [8.37e+01, 1.39e+02, 9.22e+01, 1.73e+02, 4.35e+02, 1.90e+03, 5.28e-02, 8.54e-02, 2.77e+00, 2.08e+01, 9.29e-02]    []  
10000     [5.13e-03, 6.68e-03, 2.02e-01, 4.08e-02, 1.43e-02, 2.14e-02, 1.78e-03, 4.71e-03, 2.44e-01, 6.16e+01, 2.10e-02]    [5.13e-03, 6.68e-03, 2.02e-01, 4.08e-02, 1.43e-02, 2.14e-02, 1.78e-03, 4.71e-03, 2.44e-01, 6.16e+01, 2.10e-02]    []  
20000     [6.49e-03, 3.39e-03, 2.05e-03, 7.02e-03, 5.23e-03, 1.44e-02, 6.08e-04, 2.68e-03, 2.41e-01, 7.26e-01, 9.44e-03]    [6.49e-03, 3.39e-03, 2.05e-03, 7.02e-03, 5.23e-03, 1.44e-02, 6.08e-04, 2.68e-03, 2.41e-01, 7.26e-01, 9.44e-03]    []  
30000     [5.69e-03, 4.92e-03, 4.58e-03, 1.27e-02, 4.45e-03, 1.11e-02, 3.89e-04, 2.61e-03, 2.19e-01, 8.42e-02, 3.32e-03]    [5.69e-03, 4.92e-03, 4.58e-03, 1.27e-02, 4.45e-03, 1.11e-02, 3.89e-04, 2.61e-03, 2.19e-01, 8.42e-02, 3.32e-03]    []  
40000     [2.42e-03, 3.36e-03, 1.12e-02, 3.93e-02, 4.91e-03, 1.53e-02, 1.96e-03, 1.13e-02, 4.82e-02, 2.80e-02, 8.36e-04]    [2.42e-03, 3.36e-03, 1.12e-02, 3.93e-02, 4.91e-03, 1.53e-02, 1.96e-03, 1.13e-02, 4.82e-02, 2.80e-02, 8.36e-04]    []  
50000     [2.50e-03, 3.34e-03, 1.13e-02, 3.84e-02, 3.36e-03, 1.16e-02, 2.04e-03, 1.12e-02, 4.06e-02, 2.23e-02, 6.40e-04]    [2.50e-03, 3.34e-03, 1.13e-02, 3.84e-02, 3.36e-03, 1.16e-02, 2.04e-03, 1.12e-02, 4.06e-02, 2.23e-02, 6.40e-04]    []  
60000     [7.95e-03, 3.61e-03, 1.91e-02, 1.24e-02, 6.32e-03, 1.47e-02, 3.70e-04, 2.67e-03, 2.46e-01, 2.28e+02, 5.32e-03]    [7.95e-03, 3.61e-03, 1.91e-02, 1.24e-02, 6.32e-03, 1.47e-02, 3.70e-04, 2.67e-03, 2.46e-01, 2.28e+02, 5.32e-03]    []  
70000     [4.35e-03, 5.12e-03, 6.27e-01, 5.11e-02, 2.30e-02, 3.10e-02, 3.73e-04, 2.65e-03, 2.36e-01, 3.24e+01, 2.82e-03]    [4.35e-03, 5.12e-03, 6.27e-01, 5.11e-02, 2.30e-02, 3.10e-02, 3.73e-04, 2.65e-03, 2.36e-01, 3.24e+01, 2.82e-03]    []  
80000     [2.21e-03, 1.31e-02, 3.58e-03, 2.02e-01, 8.54e-03, 2.87e-02, 3.75e-04, 2.70e-03, 2.32e-01, 1.30e+01, 4.61e-03]    [2.21e-03, 1.31e-02, 3.58e-03, 2.02e-01, 8.54e-03, 2.87e-02, 3.75e-04, 2.70e-03, 2.32e-01, 1.30e+01, 4.61e-03]    []  
90000     [6.00e-03, 1.40e-03, 1.54e-03, 5.27e-03, 7.93e-03, 2.70e-02, 3.75e-04, 2.65e-03, 2.44e-01, 5.07e+00, 3.78e-03]    [6.00e-03, 1.40e-03, 1.54e-03, 5.27e-03, 7.93e-03, 2.70e-02, 3.75e-04, 2.65e-03, 2.44e-01, 5.07e+00, 3.78e-03]    []  
100000    [7.82e-03, 6.82e-03, 5.51e-03, 1.06e-02, 7.86e-03, 1.95e-02, 3.79e-04, 2.66e-03, 2.41e-01, 1.01e+00, 4.86e-03]    [7.82e-03, 6.82e-03, 5.51e-03, 1.06e-02, 7.86e-03, 1.95e-02, 3.79e-04, 2.66e-03, 2.41e-01, 1.01e+00, 4.86e-03]    []  

Best model at step 50000:
  train loss: 1.47e-01
  test loss: 1.47e-01
  test metric: []

'train' took 30059.360345 s

Use filtered surface speed with elevation azimuth and calculate along-flow surface slope...
Use filtered surface speed with elevation azimuth and calculate along-flow surface slope...
Using already loaded history
