Set the default float type to float64
add Fourier feature transform to input transform
add output transform with [-3.1709792e-04 -3.1709792e-04 -3.1709792e-06 -3.1709792e-06
 -1.0000000e+03  1.0000000e+01  1.0000000e-02] and [3.1709792e-04 3.1709792e-04 3.1709792e-06 3.1709792e-06 4.0000000e+03
 4.0000000e+03 1.0000000e+04]
Compiling model...
'compile' took 0.005477 s

Training model...

Step      Train loss                                                                                                        Test loss                                                                                                         Test metric
0         [6.56e+01, 7.42e+01, 6.18e+01, 8.66e+01, 5.03e+02, 8.57e+02, 6.62e+00, 3.02e+00, 2.49e+00, 6.73e+00, 5.93e-02]    [6.56e+01, 7.42e+01, 6.18e+01, 8.66e+01, 5.03e+02, 8.57e+02, 6.62e+00, 3.02e+00, 2.49e+00, 6.73e+00, 5.93e-02]    []  
10000     [1.93e-03, 3.26e-03, 9.76e-03, 4.14e-02, 8.05e-03, 2.92e-02, 4.88e-03, 6.53e-03, 8.16e-02, 6.48e-02, 1.41e-03]    [1.93e-03, 3.26e-03, 9.76e-03, 4.14e-02, 8.05e-03, 2.92e-02, 4.88e-03, 6.53e-03, 8.16e-02, 6.48e-02, 1.41e-03]    []  
20000     [2.22e-03, 2.97e-03, 1.33e-02, 5.25e-02, 4.54e-03, 1.53e-02, 2.95e-03, 5.02e-03, 6.48e-02, 3.76e-02, 1.60e-03]    [2.22e-03, 2.97e-03, 1.33e-02, 5.25e-02, 4.54e-03, 1.53e-02, 2.95e-03, 5.02e-03, 6.48e-02, 3.76e-02, 1.60e-03]    []  
30000     [2.44e-03, 3.03e-03, 1.38e-02, 4.43e-02, 3.87e-03, 2.04e-02, 2.19e-03, 4.24e-03, 6.03e-02, 3.23e-02, 1.11e-03]    [2.44e-03, 3.03e-03, 1.38e-02, 4.43e-02, 3.87e-03, 2.04e-02, 2.19e-03, 4.24e-03, 6.03e-02, 3.23e-02, 1.11e-03]    []  
40000     [2.27e-03, 2.72e-03, 1.40e-02, 4.81e-02, 3.69e-03, 1.65e-02, 1.85e-03, 3.68e-03, 5.67e-02, 3.09e-02, 7.43e-04]    [2.27e-03, 2.72e-03, 1.40e-02, 4.81e-02, 3.69e-03, 1.65e-02, 1.85e-03, 3.68e-03, 5.67e-02, 3.09e-02, 7.43e-04]    []  
50000     [2.51e-03, 2.99e-03, 1.65e-02, 4.23e-02, 2.62e-03, 2.25e-02, 1.71e-03, 3.28e-03, 5.42e-02, 2.87e-02, 5.72e-04]    [2.51e-03, 2.99e-03, 1.65e-02, 4.23e-02, 2.62e-03, 2.25e-02, 1.71e-03, 3.28e-03, 5.42e-02, 2.87e-02, 5.72e-04]    []  
60000     [2.39e-03, 3.03e-03, 1.23e-02, 4.86e-02, 4.38e-03, 1.43e-02, 1.71e-03, 3.15e-03, 5.38e-02, 2.78e-02, 4.59e-04]    [2.39e-03, 3.03e-03, 1.23e-02, 4.86e-02, 4.38e-03, 1.43e-02, 1.71e-03, 3.15e-03, 5.38e-02, 2.78e-02, 4.59e-04]    []  
70000     [2.28e-03, 2.81e-03, 1.32e-02, 4.57e-02, 3.83e-03, 1.68e-02, 1.58e-03, 2.70e-03, 5.12e-02, 2.76e-02, 3.66e-04]    [2.28e-03, 2.81e-03, 1.32e-02, 4.57e-02, 3.83e-03, 1.68e-02, 1.58e-03, 2.70e-03, 5.12e-02, 2.76e-02, 3.66e-04]    []  
80000     [2.35e-03, 2.74e-03, 1.35e-02, 4.57e-02, 3.75e-03, 1.69e-02, 1.59e-03, 2.59e-03, 5.05e-02, 2.67e-02, 3.37e-04]    [2.35e-03, 2.74e-03, 1.35e-02, 4.57e-02, 3.75e-03, 1.69e-02, 1.59e-03, 2.59e-03, 5.05e-02, 2.67e-02, 3.37e-04]    []  
90000     [2.29e-03, 2.78e-03, 1.34e-02, 4.63e-02, 3.85e-03, 1.60e-02, 1.47e-03, 2.31e-03, 4.91e-02, 2.46e-02, 2.77e-04]    [2.29e-03, 2.78e-03, 1.34e-02, 4.63e-02, 3.85e-03, 1.60e-02, 1.47e-03, 2.31e-03, 4.91e-02, 2.46e-02, 2.77e-04]    []  
100000    [2.48e-03, 2.59e-03, 1.26e-02, 4.46e-02, 4.29e-03, 1.65e-02, 1.38e-03, 2.20e-03, 4.87e-02, 2.83e-02, 2.95e-04]    [2.48e-03, 2.59e-03, 1.26e-02, 4.46e-02, 4.29e-03, 1.65e-02, 1.38e-03, 2.20e-03, 4.87e-02, 2.83e-02, 2.95e-04]    []  
110000    [2.20e-03, 2.33e-03, 1.22e-02, 4.05e-02, 6.01e-03, 2.34e-02, 1.30e-03, 2.04e-03, 4.78e-02, 2.40e-02, 2.64e-04]    [2.20e-03, 2.33e-03, 1.22e-02, 4.05e-02, 6.01e-03, 2.34e-02, 1.30e-03, 2.04e-03, 4.78e-02, 2.40e-02, 2.64e-04]    []  
120000    [2.32e-03, 2.53e-03, 1.19e-02, 4.19e-02, 4.77e-03, 1.87e-02, 1.26e-03, 1.95e-03, 4.69e-02, 2.33e-02, 2.71e-04]    [2.32e-03, 2.53e-03, 1.19e-02, 4.19e-02, 4.77e-03, 1.87e-02, 1.26e-03, 1.95e-03, 4.69e-02, 2.33e-02, 2.71e-04]    []  
130000    [2.21e-03, 2.55e-03, 1.26e-02, 4.39e-02, 3.87e-03, 1.59e-02, 1.22e-03, 2.02e-03, 4.74e-02, 2.55e-02, 2.44e-04]    [2.21e-03, 2.55e-03, 1.26e-02, 4.39e-02, 3.87e-03, 1.59e-02, 1.22e-03, 2.02e-03, 4.74e-02, 2.55e-02, 2.44e-04]    []  
140000    [1.43e-01, 2.22e-01, 7.45e-02, 7.42e-02, 1.01e-01, 5.81e-02, 1.70e-02, 7.83e-02, 2.46e-01, 4.80e+02, 2.13e-01]    [1.43e-01, 2.22e-01, 7.45e-02, 7.42e-02, 1.01e-01, 5.81e-02, 1.70e-02, 7.83e-02, 2.46e-01, 4.80e+02, 2.13e-01]    []  
150000    [4.72e-03, 1.56e-02, 6.92e-02, 6.90e-03, 1.71e-02, 2.57e-02, 9.07e-03, 5.78e-02, 2.45e-01, 1.50e+02, 2.44e-02]    [4.72e-03, 1.56e-02, 6.92e-02, 6.90e-03, 1.71e-02, 2.57e-02, 9.07e-03, 5.78e-02, 2.45e-01, 1.50e+02, 2.44e-02]    []  
160000    [4.28e-03, 1.38e-02, 1.15e-02, 8.43e-02, 9.61e-03, 3.28e-02, 8.82e-03, 5.83e-02, 2.47e-01, 8.24e+01, 1.39e-02]    [4.28e-03, 1.38e-02, 1.15e-02, 8.43e-02, 9.61e-03, 3.28e-02, 8.82e-03, 5.83e-02, 2.47e-01, 8.24e+01, 1.39e-02]    []  
170000    [2.01e-03, 1.01e-02, 1.51e-03, 3.41e-01, 1.13e-02, 3.09e-02, 9.06e-03, 5.97e-02, 2.45e-01, 2.15e+01, 1.22e-02]    [2.01e-03, 1.01e-02, 1.51e-03, 3.41e-01, 1.13e-02, 3.09e-02, 9.06e-03, 5.97e-02, 2.45e-01, 2.15e+01, 1.22e-02]    []  
180000    [1.29e-03, 9.72e-03, 8.52e-04, 4.17e-03, 5.80e-03, 1.69e-02, 1.01e-02, 6.43e-02, 2.46e-01, 1.55e+02, 9.87e-03]    [1.29e-03, 9.72e-03, 8.52e-04, 4.17e-03, 5.80e-03, 1.69e-02, 1.01e-02, 6.43e-02, 2.46e-01, 1.55e+02, 9.87e-03]    []  
190000    [2.63e-03, 1.02e-02, 1.79e-03, 6.34e-03, 7.14e-03, 2.16e-02, 8.92e-03, 5.88e-02, 2.46e-01, 4.39e+01, 1.14e-02]    [2.63e-03, 1.02e-02, 1.79e-03, 6.34e-03, 7.14e-03, 2.16e-02, 8.92e-03, 5.88e-02, 2.46e-01, 4.39e+01, 1.14e-02]    []  
200000    [1.47e-03, 8.69e-03, 1.25e-03, 4.39e-03, 6.50e-03, 1.92e-02, 8.95e-03, 6.01e-02, 2.46e-01, 3.84e+00, 1.32e-02]    [1.47e-03, 8.69e-03, 1.25e-03, 4.39e-03, 6.50e-03, 1.92e-02, 8.95e-03, 6.01e-02, 2.46e-01, 3.84e+00, 1.32e-02]    []  

Best model at step 120000:
  train loss: 1.56e-01
  test loss: 1.56e-01
  test metric: []

'train' took 60044.743962 s

Use filtered surface speed with elevation azimuth and calculate along-flow surface slope...
Use filtered surface speed with elevation azimuth and calculate along-flow surface slope...
Using already loaded history
