Set the default float type to float64
add Fourier feature transform to input transform
add output transform with [-3.1709792e-04 -3.1709792e-04 -3.1709792e-06 -3.1709792e-06
 -1.0000000e+03  1.0000000e+01  1.0000000e-02] and [3.1709792e-04 3.1709792e-04 3.1709792e-06 3.1709792e-06 4.0000000e+03
 4.0000000e+03 1.0000000e+04]
Compiling model...
'compile' took 0.005600 s

Training model...

Step      Train loss                                                                                                        Test loss                                                                                                         Test metric
0         [8.28e+01, 7.38e+01, 6.89e+01, 7.35e+01, 1.13e+03, 9.34e+02, 2.33e-01, 9.26e-02, 1.84e+00, 1.60e+00, 1.78e-01]    [8.28e+01, 7.38e+01, 6.89e+01, 7.35e+01, 1.13e+03, 9.34e+02, 2.33e-01, 9.26e-02, 1.84e+00, 1.60e+00, 1.78e-01]    []  
10000     [3.10e-03, 2.47e-03, 2.07e-03, 4.96e-03, 1.94e-03, 2.21e-03, 4.26e-04, 4.92e-04, 7.30e-03, 3.96e-02, 7.41e-03]    [3.10e-03, 2.47e-03, 2.07e-03, 4.96e-03, 1.94e-03, 2.21e-03, 4.26e-04, 4.92e-04, 7.30e-03, 3.96e-02, 7.41e-03]    []  
20000     [1.56e-03, 1.54e-03, 9.38e-04, 2.08e-03, 5.39e-04, 7.65e-04, 1.49e-04, 3.14e-04, 3.04e-03, 2.01e-02, 3.72e-03]    [1.56e-03, 1.54e-03, 9.38e-04, 2.08e-03, 5.39e-04, 7.65e-04, 1.49e-04, 3.14e-04, 3.04e-03, 2.01e-02, 3.72e-03]    []  
30000     [1.26e-03, 1.41e-03, 8.58e-04, 1.79e-03, 5.86e-04, 1.37e-03, 1.51e-04, 1.88e-04, 2.40e-03, 1.77e-02, 2.76e-03]    [1.26e-03, 1.41e-03, 8.58e-04, 1.79e-03, 5.86e-04, 1.37e-03, 1.51e-04, 1.88e-04, 2.40e-03, 1.77e-02, 2.76e-03]    []  
40000     [1.14e-03, 1.32e-03, 8.34e-04, 1.91e-03, 5.59e-04, 5.47e-04, 1.95e-04, 1.52e-04, 2.08e-03, 1.66e-02, 2.38e-03]    [1.14e-03, 1.32e-03, 8.34e-04, 1.91e-03, 5.59e-04, 5.47e-04, 1.95e-04, 1.52e-04, 2.08e-03, 1.66e-02, 2.38e-03]    []  
50000     [1.17e-03, 1.27e-03, 9.52e-04, 1.58e-03, 9.71e-04, 4.19e-04, 1.78e-04, 1.83e-04, 1.90e-03, 1.58e-02, 2.00e-03]    [1.17e-03, 1.27e-03, 9.52e-04, 1.58e-03, 9.71e-04, 4.19e-04, 1.78e-04, 1.83e-04, 1.90e-03, 1.58e-02, 2.00e-03]    []  
60000     [1.07e-03, 1.07e-03, 6.95e-04, 1.35e-03, 2.57e-04, 3.84e-04, 8.51e-05, 1.09e-04, 1.80e-03, 1.49e-02, 1.72e-03]    [1.07e-03, 1.07e-03, 6.95e-04, 1.35e-03, 2.57e-04, 3.84e-04, 8.51e-05, 1.09e-04, 1.80e-03, 1.49e-02, 1.72e-03]    []  
70000     [1.01e-03, 1.03e-03, 6.60e-04, 1.31e-03, 2.42e-04, 3.75e-04, 7.61e-05, 1.13e-04, 1.69e-03, 1.43e-02, 1.52e-03]    [1.01e-03, 1.03e-03, 6.60e-04, 1.31e-03, 2.42e-04, 3.75e-04, 7.61e-05, 1.13e-04, 1.69e-03, 1.43e-02, 1.52e-03]    []  
80000     [1.06e-03, 1.17e-03, 7.05e-04, 1.38e-03, 2.81e-04, 3.48e-04, 1.25e-04, 1.37e-04, 1.59e-03, 1.41e-02, 1.36e-03]    [1.06e-03, 1.17e-03, 7.05e-04, 1.38e-03, 2.81e-04, 3.48e-04, 1.25e-04, 1.37e-04, 1.59e-03, 1.41e-02, 1.36e-03]    []  
90000     [1.00e-03, 9.43e-04, 6.45e-04, 1.03e-03, 3.26e-04, 5.97e-04, 5.47e-05, 4.86e-04, 1.55e-03, 1.37e-02, 1.21e-03]    [1.00e-03, 9.43e-04, 6.45e-04, 1.03e-03, 3.26e-04, 5.97e-04, 5.47e-05, 4.86e-04, 1.55e-03, 1.37e-02, 1.21e-03]    []  
100000    [1.03e-03, 9.78e-04, 7.60e-04, 9.77e-04, 4.14e-04, 4.80e-04, 4.76e-05, 9.38e-04, 1.51e-03, 1.41e-02, 1.13e-03]    [1.03e-03, 9.78e-04, 7.60e-04, 9.77e-04, 4.14e-04, 4.80e-04, 4.76e-05, 9.38e-04, 1.51e-03, 1.41e-02, 1.13e-03]    []  

Best model at step 90000:
  train loss: 2.16e-02
  test loss: 2.16e-02
  test metric: []

'train' took 23708.398533 s

Use filtered surface speed with elevation azimuth and calculate along-flow surface slope...
Use filtered surface speed with elevation azimuth and calculate along-flow surface slope...
Using already loaded history
