Set the default float type to float64
add Fourier feature transform to input transform
add output transform with [-3.1709792e-04 -3.1709792e-04 -3.1709792e-06 -3.1709792e-06
 -1.0000000e+03  1.0000000e+01  1.0000000e-02] and [3.1709792e-04 3.1709792e-04 3.1709792e-06 3.1709792e-06 4.0000000e+03
 4.0000000e+03 1.0000000e+04]
Compiling model...
'compile' took 0.006474 s

Training model...

Step      Train loss                                                                                                        Test loss                                                                                                         Test metric
0         [7.48e+01, 8.34e+01, 7.26e+01, 8.70e+01, 7.92e+02, 8.87e+02, 6.43e+00, 2.15e+01, 6.15e-01, 9.67e-01, 4.85e-02]    [7.48e+01, 8.34e+01, 7.26e+01, 8.70e+01, 7.92e+02, 8.87e+02, 6.43e+00, 2.15e+01, 6.15e-01, 9.67e-01, 4.85e-02]    []  
10000     [1.71e-03, 3.20e-03, 2.28e-03, 9.56e-03, 2.30e-03, 3.31e-03, 1.95e-02, 6.82e-02, 4.87e-02, 1.23e-02, 2.15e-03]    [1.71e-03, 3.20e-03, 2.28e-03, 9.56e-03, 2.30e-03, 3.31e-03, 1.95e-02, 6.82e-02, 4.87e-02, 1.23e-02, 2.15e-03]    []  
20000     [9.09e-04, 2.33e-03, 1.85e-03, 6.87e-03, 1.27e-03, 3.06e-03, 9.68e-03, 3.34e-02, 4.91e-02, 8.72e-03, 8.52e-04]    [9.09e-04, 2.33e-03, 1.85e-03, 6.87e-03, 1.27e-03, 3.06e-03, 9.68e-03, 3.34e-02, 4.91e-02, 8.72e-03, 8.52e-04]    []  
30000     [9.42e-04, 1.83e-03, 1.83e-03, 5.59e-03, 1.03e-03, 4.51e-03, 6.60e-03, 2.10e-02, 4.91e-02, 8.06e-03, 6.30e-04]    [9.42e-04, 1.83e-03, 1.83e-03, 5.59e-03, 1.03e-03, 4.51e-03, 6.60e-03, 2.10e-02, 4.91e-02, 8.06e-03, 6.30e-04]    []  
40000     [8.74e-04, 1.68e-03, 1.41e-03, 8.08e-03, 1.49e-03, 2.18e-03, 5.19e-03, 1.65e-02, 4.92e-02, 6.98e-03, 5.08e-04]    [8.74e-04, 1.68e-03, 1.41e-03, 8.08e-03, 1.49e-03, 2.18e-03, 5.19e-03, 1.65e-02, 4.92e-02, 6.98e-03, 5.08e-04]    []  
50000     [7.37e-04, 1.77e-03, 2.02e-03, 7.13e-03, 7.91e-04, 2.40e-03, 4.24e-03, 1.44e-02, 4.92e-02, 6.31e-03, 3.81e-04]    [7.37e-04, 1.77e-03, 2.02e-03, 7.13e-03, 7.91e-04, 2.40e-03, 4.24e-03, 1.44e-02, 4.92e-02, 6.31e-03, 3.81e-04]    []  
60000     [6.87e-04, 1.41e-03, 2.18e-03, 8.02e-03, 8.35e-04, 1.84e-03, 3.61e-03, 1.20e-02, 4.92e-02, 5.81e-03, 3.50e-04]    [6.87e-04, 1.41e-03, 2.18e-03, 8.02e-03, 8.35e-04, 1.84e-03, 3.61e-03, 1.20e-02, 4.92e-02, 5.81e-03, 3.50e-04]    []  
70000     [6.26e-04, 1.52e-03, 1.56e-03, 6.09e-03, 1.01e-03, 2.69e-03, 3.19e-03, 1.13e-02, 4.93e-02, 5.45e-03, 3.66e-04]    [6.26e-04, 1.52e-03, 1.56e-03, 6.09e-03, 1.01e-03, 2.69e-03, 3.19e-03, 1.13e-02, 4.93e-02, 5.45e-03, 3.66e-04]    []  
80000     [7.22e-04, 1.28e-03, 1.64e-03, 6.31e-03, 8.72e-04, 2.30e-03, 2.98e-03, 1.01e-02, 4.93e-02, 5.20e-03, 2.66e-04]    [7.22e-04, 1.28e-03, 1.64e-03, 6.31e-03, 8.72e-04, 2.30e-03, 2.98e-03, 1.01e-02, 4.93e-02, 5.20e-03, 2.66e-04]    []  
90000     [6.50e-04, 1.21e-03, 1.54e-03, 8.07e-03, 9.62e-04, 1.52e-03, 2.63e-03, 9.16e-03, 4.93e-02, 4.93e-03, 3.15e-04]    [6.50e-04, 1.21e-03, 1.54e-03, 8.07e-03, 9.62e-04, 1.52e-03, 2.63e-03, 9.16e-03, 4.93e-02, 4.93e-03, 3.15e-04]    []  
100000    [6.77e-04, 1.11e-03, 1.67e-03, 6.78e-03, 8.46e-04, 1.91e-03, 2.37e-03, 7.51e-03, 4.93e-02, 4.67e-03, 2.70e-04]    [6.77e-04, 1.11e-03, 1.67e-03, 6.78e-03, 8.46e-04, 1.91e-03, 2.37e-03, 7.51e-03, 4.93e-02, 4.67e-03, 2.70e-04]    []  

Best model at step 100000:
  train loss: 7.71e-02
  test loss: 7.71e-02
  test metric: []

'train' took 30059.532881 s

Use filtered surface speed with elevation azimuth and calculate along-flow surface slope...
Use filtered surface speed with elevation azimuth and calculate along-flow surface slope...
Using already loaded history
