Ryder_MOLHO_double.py
Set the default float type to float64
add Fourier feature transform to input transform
add output transform with [-3.1709792e-06 -3.1709792e-06 -3.1709792e-06 -3.1709792e-06
 -1.0000000e+03  1.0000000e+01  1.0000000e-02] and [3.17097920e-06 4.42666478e-06 3.17097920e-06 3.17097920e-06
 4.00000000e+03 4.00000000e+03 1.00000000e+04]
Compiling model...
'compile' took 0.005397 s

Training model...

Step      Train loss                                                                                    Test loss                                                                                     Test metric
0         [4.52e+01, 5.34e+01, 2.36e+01, 3.17e+01, 8.05e-02, 4.94e-02, 3.35e-01, 1.26e+00, 6.10e-02]    [4.52e+01, 5.34e+01, 2.36e+01, 3.17e+01, 8.05e-02, 4.94e-02, 3.35e-01, 1.26e+00, 6.10e-02]    []  
10000     [3.43e-03, 7.56e-03, 2.54e-03, 1.87e-03, 6.79e-03, 2.03e-02, 4.92e-02, 2.09e+01, 2.95e-02]    [3.43e-03, 7.56e-03, 2.54e-03, 1.87e-03, 6.79e-03, 2.03e-02, 4.92e-02, 2.09e+01, 2.95e-02]    []  
20000     [4.18e-03, 9.01e-03, 2.05e-03, 3.34e-03, 6.72e-03, 1.95e-02, 4.92e-02, 1.38e+01, 2.54e-02]    [4.18e-03, 9.01e-03, 2.05e-03, 3.34e-03, 6.72e-03, 1.95e-02, 4.92e-02, 1.38e+01, 2.54e-02]    []  
30000     [3.61e-03, 8.32e-03, 1.05e-03, 2.17e-03, 6.34e-03, 1.96e-02, 4.92e-02, 1.44e+01, 2.57e-02]    [3.61e-03, 8.32e-03, 1.05e-03, 2.17e-03, 6.34e-03, 1.96e-02, 4.92e-02, 1.44e+01, 2.57e-02]    []  
40000     [5.28e-03, 6.18e-03, 3.12e-03, 2.91e-03, 7.32e-03, 2.30e-02, 4.93e-02, 1.28e+00, 6.88e-03]    [5.28e-03, 6.18e-03, 3.12e-03, 2.91e-03, 7.32e-03, 2.30e-02, 4.93e-02, 1.28e+00, 6.88e-03]    []  
50000     [2.26e-03, 7.22e-03, 2.67e-03, 6.03e-03, 9.71e-03, 2.94e-02, 4.92e-02, 7.07e+00, 5.61e-03]    [2.26e-03, 7.22e-03, 2.67e-03, 6.03e-03, 9.71e-03, 2.94e-02, 4.92e-02, 7.07e+00, 5.61e-03]    []  
60000     [4.40e-03, 2.51e-03, 1.27e-03, 3.64e-03, 6.36e-03, 1.96e-02, 4.93e-02, 1.91e-01, 5.84e-03]    [4.40e-03, 2.51e-03, 1.27e-03, 3.64e-03, 6.36e-03, 1.96e-02, 4.93e-02, 1.91e-01, 5.84e-03]    []  
70000     [5.65e-03, 2.11e-03, 1.57e-03, 7.64e-03, 5.10e-03, 8.09e-03, 4.91e-02, 1.22e-02, 3.87e-03]    [5.65e-03, 2.11e-03, 1.57e-03, 7.64e-03, 5.10e-03, 8.09e-03, 4.91e-02, 1.22e-02, 3.87e-03]    []  
80000     [6.93e-04, 8.49e-04, 1.38e-03, 5.10e-03, 6.40e-04, 1.71e-03, 4.84e-02, 4.06e-03, 1.05e-03]    [6.93e-04, 8.49e-04, 1.38e-03, 5.10e-03, 6.40e-04, 1.71e-03, 4.84e-02, 4.06e-03, 1.05e-03]    []  
90000     [5.32e-04, 4.92e-04, 1.37e-03, 6.54e-03, 5.31e-04, 1.77e-03, 4.53e-02, 3.34e-03, 9.72e-04]    [5.32e-04, 4.92e-04, 1.37e-03, 6.54e-03, 5.31e-04, 1.77e-03, 4.53e-02, 3.34e-03, 9.72e-04]    []  
100000    [1.15e-03, 4.10e-04, 1.55e-03, 6.43e-03, 5.50e-04, 2.07e-03, 4.45e-02, 2.89e-03, 8.37e-04]    [1.15e-03, 4.10e-04, 1.55e-03, 6.43e-03, 5.50e-04, 2.07e-03, 4.45e-02, 2.89e-03, 8.37e-04]    []  
110000    [8.63e-04, 4.61e-04, 1.57e-03, 6.41e-03, 5.97e-04, 1.90e-03, 4.43e-02, 2.67e-03, 8.14e-04]    [8.63e-04, 4.61e-04, 1.57e-03, 6.41e-03, 5.97e-04, 1.90e-03, 4.43e-02, 2.67e-03, 8.14e-04]    []  
120000    [4.38e-04, 6.98e-04, 1.66e-03, 6.53e-03, 5.65e-04, 1.94e-03, 4.39e-02, 2.39e-03, 8.05e-04]    [4.38e-04, 6.98e-04, 1.66e-03, 6.53e-03, 5.65e-04, 1.94e-03, 4.39e-02, 2.39e-03, 8.05e-04]    []  
130000    [6.69e-04, 1.00e-03, 1.57e-03, 7.27e-03, 1.17e-03, 1.64e-03, 4.34e-02, 2.46e-03, 2.14e-03]    [6.69e-04, 1.00e-03, 1.57e-03, 7.27e-03, 1.17e-03, 1.64e-03, 4.34e-02, 2.46e-03, 2.14e-03]    []  
140000    [4.66e-04, 3.65e-04, 1.67e-03, 6.51e-03, 5.77e-04, 1.84e-03, 4.37e-02, 2.17e-03, 7.87e-04]    [4.66e-04, 3.65e-04, 1.67e-03, 6.51e-03, 5.77e-04, 1.84e-03, 4.37e-02, 2.17e-03, 7.87e-04]    []  
150000    [5.07e-04, 4.30e-04, 1.74e-03, 6.35e-03, 5.08e-04, 1.91e-03, 4.36e-02, 2.16e-03, 7.60e-04]    [5.07e-04, 4.30e-04, 1.74e-03, 6.35e-03, 5.08e-04, 1.91e-03, 4.36e-02, 2.16e-03, 7.60e-04]    []  

Best model at step 150000:
  train loss: 5.80e-02
  test loss: 5.80e-02
  test metric: []

'train' took 38075.095484 s

