Set the default float type to float64
add Fourier feature transform to input transform
add output transform with [-3.1709792e-04 -3.1709792e-04 -3.1709792e-04 -3.1709792e-04
 -1.0000000e+03  1.0000000e+01  1.0000000e-02] and [3.1709792e-04 3.1709792e-04 3.1709792e-04 3.1709792e-04 3.6000000e+03
 3.5000000e+03 1.0000000e+04]
Compiling model...
'compile' took 0.005333 s

Training model...

Step      Train loss                                                                                    Test loss                                                                                     Test metric
0         [3.46e+02, 5.05e+02, 2.06e+02, 2.02e+02, 8.44e+02, 1.19e+03, 1.31e+01, 2.56e-01, 5.38e-02]    [3.46e+02, 5.05e+02, 2.06e+02, 2.02e+02, 8.44e+02, 1.19e+03, 1.31e+01, 2.56e-01, 5.38e-02]    []  
10000     [1.39e-03, 1.84e-03, 2.07e-03, 1.40e-03, 2.76e-03, 3.05e-03, 1.54e-03, 1.59e-02, 6.20e-03]    [1.39e-03, 1.84e-03, 2.07e-03, 1.40e-03, 2.76e-03, 3.05e-03, 1.54e-03, 1.59e-02, 6.20e-03]    []  
20000     [4.16e-04, 3.56e-04, 4.41e-04, 3.46e-04, 7.00e-04, 4.72e-04, 6.59e-04, 6.92e-03, 6.44e-04]    [4.16e-04, 3.56e-04, 4.41e-04, 3.46e-04, 7.00e-04, 4.72e-04, 6.59e-04, 6.92e-03, 6.44e-04]    []  
30000     [2.98e-04, 2.33e-04, 4.06e-04, 2.19e-04, 2.11e-04, 2.23e-04, 5.30e-04, 5.55e-03, 3.54e-04]    [2.98e-04, 2.33e-04, 4.06e-04, 2.19e-04, 2.11e-04, 2.23e-04, 5.30e-04, 5.55e-03, 3.54e-04]    []  
40000     [4.81e-04, 2.86e-04, 7.12e-04, 3.78e-04, 3.05e-04, 2.23e-04, 4.90e-04, 4.96e-03, 2.74e-04]    [4.81e-04, 2.86e-04, 7.12e-04, 3.78e-04, 3.05e-04, 2.23e-04, 4.90e-04, 4.96e-03, 2.74e-04]    []  
50000     [5.67e-04, 3.55e-04, 5.85e-04, 2.92e-04, 1.95e-04, 1.35e-04, 4.58e-04, 4.62e-03, 2.32e-04]    [5.67e-04, 3.55e-04, 5.85e-04, 2.92e-04, 1.95e-04, 1.35e-04, 4.58e-04, 4.62e-03, 2.32e-04]    []  
60000     [2.39e-04, 1.84e-04, 3.06e-04, 1.88e-04, 1.46e-04, 1.85e-04, 4.31e-04, 4.36e-03, 1.95e-04]    [2.39e-04, 1.84e-04, 3.06e-04, 1.88e-04, 1.46e-04, 1.85e-04, 4.31e-04, 4.36e-03, 1.95e-04]    []  
70000     [1.94e-04, 1.94e-04, 1.86e-04, 1.96e-04, 1.33e-04, 1.05e-04, 4.17e-04, 4.22e-03, 1.80e-04]    [1.94e-04, 1.94e-04, 1.86e-04, 1.96e-04, 1.33e-04, 1.05e-04, 4.17e-04, 4.22e-03, 1.80e-04]    []  
80000     [2.81e-04, 3.22e-04, 3.41e-04, 2.39e-04, 3.99e-04, 4.19e-04, 4.04e-04, 4.13e-03, 1.63e-04]    [2.81e-04, 3.22e-04, 3.41e-04, 2.39e-04, 3.99e-04, 4.19e-04, 4.04e-04, 4.13e-03, 1.63e-04]    []  
90000     [3.13e-04, 5.30e-04, 3.13e-04, 7.91e-04, 1.70e-04, 1.27e-04, 3.91e-04, 4.02e-03, 1.35e-04]    [3.13e-04, 5.30e-04, 3.13e-04, 7.91e-04, 1.70e-04, 1.27e-04, 3.91e-04, 4.02e-03, 1.35e-04]    []  
100000    [2.28e-04, 2.25e-04, 1.88e-04, 2.06e-04, 1.79e-04, 1.75e-04, 3.79e-04, 3.93e-03, 1.32e-04]    [2.28e-04, 2.25e-04, 1.88e-04, 2.06e-04, 1.79e-04, 1.75e-04, 3.79e-04, 3.93e-03, 1.32e-04]    []  

Best model at step 100000:
  train loss: 5.64e-03
  test loss: 5.64e-03
  test metric: []

'train' took 23644.400629 s

