Set the default float type to float64
add Fourier feature transform to input transform
add output transform with [-3.1709792e-04 -3.1709792e-04 -3.1709792e-06 -3.1709792e-06
 -1.0000000e+03  1.0000000e+01  1.0000000e-02] and [3.1709792e-04 3.1709792e-04 3.1709792e-06 3.1709792e-06 4.0000000e+03
 4.0000000e+03 1.0000000e+04]
Compiling model...
'compile' took 0.005517 s

Training model...

Step      Train loss                                                                                                        Test loss                                                                                                         Test metric
0         [2.08e+02, 3.01e+02, 1.78e+02, 2.11e+02, 1.95e+03, 3.86e+02, 2.23e+01, 4.91e+00, 6.35e+00, 8.89e+00, 3.89e-02]    [2.08e+02, 3.01e+02, 1.78e+02, 2.11e+02, 1.95e+03, 3.86e+02, 2.23e+01, 4.91e+00, 6.35e+00, 8.89e+00, 3.89e-02]    []  
10000     [3.71e-03, 1.05e-02, 4.48e-03, 6.13e-03, 1.45e-02, 1.62e-02, 3.76e-02, 2.05e-01, 2.43e-01, 8.94e-01, 1.23e-02]    [3.71e-03, 1.05e-02, 4.48e-03, 6.13e-03, 1.45e-02, 1.62e-02, 3.76e-02, 2.05e-01, 2.43e-01, 8.94e-01, 1.23e-02]    []  
20000     [5.63e-03, 7.82e-03, 1.40e-02, 3.37e-02, 6.15e-03, 1.40e-02, 3.35e-02, 1.55e-01, 1.21e-01, 9.08e-02, 1.67e-03]    [5.63e-03, 7.82e-03, 1.40e-02, 3.37e-02, 6.15e-03, 1.40e-02, 3.35e-02, 1.55e-01, 1.21e-01, 9.08e-02, 1.67e-03]    []  
30000     [3.61e-03, 4.50e-03, 1.36e-02, 4.81e-02, 4.77e-03, 1.66e-02, 1.32e-02, 3.97e-02, 7.06e-02, 3.45e-02, 9.52e-04]    [3.61e-03, 4.50e-03, 1.36e-02, 4.81e-02, 4.77e-03, 1.66e-02, 1.32e-02, 3.97e-02, 7.06e-02, 3.45e-02, 9.52e-04]    []  
40000     [5.05e-03, 6.32e-03, 1.19e-02, 4.40e-02, 4.79e-03, 1.61e-02, 9.77e-03, 2.58e-02, 8.30e-02, 4.22e-02, 1.22e-03]    [5.05e-03, 6.32e-03, 1.19e-02, 4.40e-02, 4.79e-03, 1.61e-02, 9.77e-03, 2.58e-02, 8.30e-02, 4.22e-02, 1.22e-03]    []  
50000     [1.71e-03, 9.57e-03, 1.14e-03, 3.92e-03, 5.13e-03, 1.39e-02, 3.68e-02, 2.19e-01, 2.44e-01, 1.19e+01, 1.48e-02]    [1.71e-03, 9.57e-03, 1.14e-03, 3.92e-03, 5.13e-03, 1.39e-02, 3.68e-02, 2.19e-01, 2.44e-01, 1.19e+01, 1.48e-02]    []  
60000     [2.30e-03, 9.29e-03, 2.38e-03, 7.66e-03, 4.68e-03, 1.21e-02, 3.59e-02, 1.81e-01, 2.35e-01, 2.08e-01, 1.06e-02]    [2.30e-03, 9.29e-03, 2.38e-03, 7.66e-03, 4.68e-03, 1.21e-02, 3.59e-02, 1.81e-01, 2.35e-01, 2.08e-01, 1.06e-02]    []  
70000     [5.47e-03, 1.18e-02, 7.12e-03, 2.93e-02, 1.49e-02, 2.69e-02, 1.47e-02, 4.73e-02, 1.13e-01, 5.10e-02, 7.13e-03]    [5.47e-03, 1.18e-02, 7.12e-03, 2.93e-02, 1.49e-02, 2.69e-02, 1.47e-02, 4.73e-02, 1.13e-01, 5.10e-02, 7.13e-03]    []  
80000     [3.20e-03, 6.80e-03, 1.71e-03, 4.33e-03, 4.69e-03, 1.24e-02, 3.65e-02, 1.77e-01, 2.40e-01, 6.17e+00, 8.49e-03]    [3.20e-03, 6.80e-03, 1.71e-03, 4.33e-03, 4.69e-03, 1.24e-02, 3.65e-02, 1.77e-01, 2.40e-01, 6.17e+00, 8.49e-03]    []  
90000     [4.87e-03, 9.04e-03, 4.69e-03, 1.10e-02, 4.55e-03, 1.11e-02, 3.33e-02, 1.57e-01, 2.18e-01, 1.22e-01, 7.69e-03]    [4.87e-03, 9.04e-03, 4.69e-03, 1.10e-02, 4.55e-03, 1.11e-02, 3.33e-02, 1.57e-01, 2.18e-01, 1.22e-01, 7.69e-03]    []  
100000    [3.49e-03, 4.94e-03, 1.19e-02, 4.20e-02, 6.03e-03, 1.95e-02, 8.42e-03, 2.23e-02, 7.53e-02, 3.37e-02, 1.18e-03]    [3.49e-03, 4.94e-03, 1.19e-02, 4.20e-02, 6.03e-03, 1.95e-02, 8.42e-03, 2.23e-02, 7.53e-02, 3.37e-02, 1.18e-03]    []  
110000    [2.94e-03, 4.42e-03, 1.16e-02, 4.30e-02, 4.80e-03, 1.77e-02, 4.26e-03, 1.17e-02, 5.50e-02, 2.28e-02, 6.06e-04]    [2.94e-03, 4.42e-03, 1.16e-02, 4.30e-02, 4.80e-03, 1.77e-02, 4.26e-03, 1.17e-02, 5.50e-02, 2.28e-02, 6.06e-04]    []  
120000    [3.16e-03, 3.87e-03, 1.48e-02, 4.73e-02, 3.04e-03, 1.41e-02, 3.76e-03, 9.37e-03, 5.17e-02, 1.92e-02, 4.80e-04]    [3.16e-03, 3.87e-03, 1.48e-02, 4.73e-02, 3.04e-03, 1.41e-02, 3.76e-03, 9.37e-03, 5.17e-02, 1.92e-02, 4.80e-04]    []  
130000    [2.86e-03, 4.45e-03, 1.08e-02, 3.73e-02, 6.68e-03, 2.14e-02, 3.35e-03, 8.49e-03, 4.90e-02, 1.98e-02, 4.09e-04]    [2.86e-03, 4.45e-03, 1.08e-02, 3.73e-02, 6.68e-03, 2.14e-02, 3.35e-03, 8.49e-03, 4.90e-02, 1.98e-02, 4.09e-04]    []  
140000    [2.78e-03, 3.51e-03, 1.12e-02, 3.89e-02, 5.42e-03, 1.95e-02, 3.08e-03, 7.60e-03, 4.72e-02, 1.69e-02, 3.61e-04]    [2.78e-03, 3.51e-03, 1.12e-02, 3.89e-02, 5.42e-03, 1.95e-02, 3.08e-03, 7.60e-03, 4.72e-02, 1.69e-02, 3.61e-04]    []  
150000    [2.84e-03, 4.04e-03, 1.08e-02, 3.80e-02, 7.51e-03, 1.95e-02, 2.84e-03, 7.29e-03, 4.61e-02, 1.80e-02, 3.95e-04]    [2.84e-03, 4.04e-03, 1.08e-02, 3.80e-02, 7.51e-03, 1.95e-02, 2.84e-03, 7.29e-03, 4.61e-02, 1.80e-02, 3.95e-04]    []  
160000    [2.83e-03, 3.65e-03, 1.12e-02, 3.61e-02, 6.55e-03, 2.50e-02, 2.69e-03, 6.65e-03, 4.48e-02, 1.54e-02, 3.82e-04]    [2.83e-03, 3.65e-03, 1.12e-02, 3.61e-02, 6.55e-03, 2.50e-02, 2.69e-03, 6.65e-03, 4.48e-02, 1.54e-02, 3.82e-04]    []  
170000    [2.84e-03, 3.47e-03, 1.12e-02, 3.70e-02, 4.49e-03, 2.06e-02, 2.61e-03, 6.75e-03, 4.47e-02, 1.65e-02, 3.74e-04]    [2.84e-03, 3.47e-03, 1.12e-02, 3.70e-02, 4.49e-03, 2.06e-02, 2.61e-03, 6.75e-03, 4.47e-02, 1.65e-02, 3.74e-04]    []  
180000    [2.71e-03, 3.33e-03, 1.21e-02, 3.95e-02, 3.84e-03, 1.70e-02, 2.42e-03, 6.11e-03, 4.35e-02, 1.43e-02, 4.04e-04]    [2.71e-03, 3.33e-03, 1.21e-02, 3.95e-02, 3.84e-03, 1.70e-02, 2.42e-03, 6.11e-03, 4.35e-02, 1.43e-02, 4.04e-04]    []  
190000    [2.79e-03, 3.37e-03, 1.08e-02, 3.39e-02, 8.82e-03, 2.58e-02, 2.42e-03, 6.18e-03, 4.31e-02, 1.45e-02, 3.86e-04]    [2.79e-03, 3.37e-03, 1.08e-02, 3.39e-02, 8.82e-03, 2.58e-02, 2.42e-03, 6.18e-03, 4.31e-02, 1.45e-02, 3.86e-04]    []  
200000    [2.73e-03, 3.33e-03, 1.16e-02, 3.68e-02, 4.04e-03, 1.90e-02, 2.25e-03, 5.74e-03, 4.26e-02, 1.36e-02, 3.74e-04]    [2.73e-03, 3.33e-03, 1.16e-02, 3.68e-02, 4.04e-03, 1.90e-02, 2.25e-03, 5.74e-03, 4.26e-02, 1.36e-02, 3.74e-04]    []  

Best model at step 200000:
  train loss: 1.42e-01
  test loss: 1.42e-01
  test metric: []

'train' took 53352.356855 s

Use filtered surface speed with elevation azimuth and calculate along-flow surface slope...
Use filtered surface speed with elevation azimuth and calculate along-flow surface slope...
Using already loaded history
