Set the default float type to float64
add Fourier feature transform to input transform
add output transform with [-3.1709792e-04 -3.1709792e-04 -3.1709792e-06 -3.1709792e-06
 -1.0000000e+03  1.0000000e+01  1.0000000e-02] and [3.1709792e-04 3.1709792e-04 3.1709792e-06 3.1709792e-06 4.0000000e+03
 4.0000000e+03 1.0000000e+04]
Compiling model...
'compile' took 0.005915 s

Training model...

Step      Train loss                                                                                                        Test loss                                                                                                         Test metric
0         [3.69e+02, 2.66e+02, 2.63e+02, 2.64e+02, 2.53e+03, 3.15e+03, 1.05e+01, 3.30e+00, 6.99e+00, 9.22e+00, 1.07e-01]    [3.69e+02, 2.66e+02, 2.63e+02, 2.64e+02, 2.53e+03, 3.15e+03, 1.05e+01, 3.30e+00, 6.99e+00, 9.22e+00, 1.07e-01]    []  
10000     [3.75e-03, 7.47e-03, 1.17e-02, 4.29e-02, 6.06e-03, 1.67e-02, 3.00e-02, 1.67e-01, 1.04e-01, 8.70e-02, 2.40e-03]    [3.75e-03, 7.47e-03, 1.17e-02, 4.29e-02, 6.06e-03, 1.67e-02, 3.00e-02, 1.67e-01, 1.04e-01, 8.70e-02, 2.40e-03]    []  
20000     [2.99e-03, 5.44e-03, 1.20e-02, 4.32e-02, 6.30e-03, 2.08e-02, 2.22e-02, 6.69e-02, 7.39e-02, 4.17e-02, 1.69e-03]    [2.99e-03, 5.44e-03, 1.20e-02, 4.32e-02, 6.30e-03, 2.08e-02, 2.22e-02, 6.69e-02, 7.39e-02, 4.17e-02, 1.69e-03]    []  
30000     [3.14e-03, 5.08e-03, 1.39e-02, 5.02e-02, 3.87e-03, 1.38e-02, 1.99e-02, 5.92e-02, 6.85e-02, 3.65e-02, 1.51e-03]    [3.14e-03, 5.08e-03, 1.39e-02, 5.02e-02, 3.87e-03, 1.38e-02, 1.99e-02, 5.92e-02, 6.85e-02, 3.65e-02, 1.51e-03]    []  
40000     [4.82e-03, 6.31e-03, 1.14e-02, 4.43e-02, 5.85e-03, 2.01e-02, 1.70e-02, 5.24e-02, 6.53e-02, 3.44e-02, 1.36e-03]    [4.82e-03, 6.31e-03, 1.14e-02, 4.43e-02, 5.85e-03, 2.01e-02, 1.70e-02, 5.24e-02, 6.53e-02, 3.44e-02, 1.36e-03]    []  
50000     [3.73e-03, 5.15e-03, 1.39e-02, 4.95e-02, 3.09e-03, 1.40e-02, 1.50e-02, 4.99e-02, 6.47e-02, 3.69e-02, 1.06e-03]    [3.73e-03, 5.15e-03, 1.39e-02, 4.95e-02, 3.09e-03, 1.40e-02, 1.50e-02, 4.99e-02, 6.47e-02, 3.69e-02, 1.06e-03]    []  
60000     [3.46e-03, 4.45e-03, 1.21e-02, 4.22e-02, 4.23e-03, 2.10e-02, 1.20e-02, 4.16e-02, 6.18e-02, 3.16e-02, 9.13e-04]    [3.46e-03, 4.45e-03, 1.21e-02, 4.22e-02, 4.23e-03, 2.10e-02, 1.20e-02, 4.16e-02, 6.18e-02, 3.16e-02, 9.13e-04]    []  
70000     [3.79e-03, 6.40e-03, 1.56e-02, 4.52e-02, 2.71e-03, 1.81e-02, 9.79e-03, 3.68e-02, 6.11e-02, 2.97e-02, 8.73e-04]    [3.79e-03, 6.40e-03, 1.56e-02, 4.52e-02, 2.71e-03, 1.81e-02, 9.79e-03, 3.68e-02, 6.11e-02, 2.97e-02, 8.73e-04]    []  
80000     [3.85e-02, 6.62e-02, 7.52e-02, 1.15e-01, 6.55e-02, 1.12e-01, 4.58e-02, 2.06e-01, 2.46e-01, 6.13e+02, 1.76e-02]    [3.85e-02, 6.62e-02, 7.52e-02, 1.15e-01, 6.55e-02, 1.12e-01, 4.58e-02, 2.06e-01, 2.46e-01, 6.13e+02, 1.76e-02]    []  
90000     [1.41e-02, 2.44e-02, 2.35e-02, 3.28e-02, 2.00e-02, 3.08e-02, 3.37e-02, 2.14e-01, 2.45e-01, 1.37e+03, 1.34e-02]    [1.41e-02, 2.44e-02, 2.35e-02, 3.28e-02, 2.00e-02, 3.08e-02, 3.37e-02, 2.14e-01, 2.45e-01, 1.37e+03, 1.34e-02]    []  
100000    [3.90e-03, 1.26e-02, 3.98e-03, 4.69e-02, 8.12e-03, 3.18e-02, 3.48e-02, 2.27e-01, 2.44e-01, 2.62e+02, 1.45e-02]    [3.90e-03, 1.26e-02, 3.98e-03, 4.69e-02, 8.12e-03, 3.18e-02, 3.48e-02, 2.27e-01, 2.44e-01, 2.62e+02, 1.45e-02]    []  

Best model at step 70000:
  train loss: 2.30e-01
  test loss: 2.30e-01
  test metric: []

'train' took 30054.952194 s

Use filtered surface speed with elevation azimuth and calculate along-flow surface slope...
Use filtered surface speed with elevation azimuth and calculate along-flow surface slope...
Using already loaded history
