Set the default float type to float64
add Fourier feature transform to input transform
add output transform with [-3.1709792e-04 -3.1709792e-04 -3.1709792e-06 -3.1709792e-06
 -1.0000000e+03  1.0000000e+01  1.0000000e-02] and [3.1709792e-04 3.1709792e-04 3.1709792e-06 3.1709792e-06 4.0000000e+03
 4.0000000e+03 1.0000000e+04]
Compiling model...
'compile' took 0.005836 s

Training model...

Step      Train loss                                                                                                        Test loss                                                                                                         Test metric
0         [6.38e+02, 9.22e+02, 4.18e+02, 6.97e+02, 1.86e+03, 6.63e+03, 2.20e-01, 2.61e-01, 1.05e+01, 1.54e+01, 2.63e-02]    [6.38e+02, 9.22e+02, 4.18e+02, 6.97e+02, 1.86e+03, 6.63e+03, 2.20e-01, 2.61e-01, 1.05e+01, 1.54e+01, 2.63e-02]    []  
10000     [3.43e-03, 7.95e-03, 3.00e-02, 5.04e-02, 7.86e-03, 2.38e-02, 1.97e-03, 5.05e-03, 2.45e-01, 3.35e+01, 2.39e-02]    [3.43e-03, 7.95e-03, 3.00e-02, 5.04e-02, 7.86e-03, 2.38e-02, 1.97e-03, 5.05e-03, 2.45e-01, 3.35e+01, 2.39e-02]    []  
20000     [3.68e-03, 6.72e-03, 3.01e-02, 4.27e-03, 4.82e-03, 1.54e-02, 1.04e-03, 2.42e-03, 2.44e-01, 6.09e+00, 1.71e-02]    [3.68e-03, 6.72e-03, 3.01e-02, 4.27e-03, 4.82e-03, 1.54e-02, 1.04e-03, 2.42e-03, 2.44e-01, 6.09e+00, 1.71e-02]    []  
30000     [3.01e-03, 9.06e-03, 3.09e-01, 1.47e-02, 1.86e-02, 1.90e-02, 1.01e-03, 1.05e-02, 2.46e-01, 1.59e+01, 2.56e-02]    [3.01e-03, 9.06e-03, 3.09e-01, 1.47e-02, 1.86e-02, 1.90e-02, 1.01e-03, 1.05e-02, 2.46e-01, 1.59e+01, 2.56e-02]    []  
40000     [4.18e-03, 7.61e-03, 1.35e-02, 1.04e-01, 5.47e-03, 3.56e-02, 9.69e-04, 1.96e-03, 2.45e-01, 2.49e+01, 2.05e-02]    [4.18e-03, 7.61e-03, 1.35e-02, 1.04e-01, 5.47e-03, 3.56e-02, 9.69e-04, 1.96e-03, 2.45e-01, 2.49e+01, 2.05e-02]    []  
50000     [3.97e-03, 8.43e-03, 2.04e-02, 1.59e-01, 7.26e-03, 4.06e-02, 9.05e-04, 2.58e-03, 2.42e-01, 1.09e+01, 1.65e-02]    [3.97e-03, 8.43e-03, 2.04e-02, 1.59e-01, 7.26e-03, 4.06e-02, 9.05e-04, 2.58e-03, 2.42e-01, 1.09e+01, 1.65e-02]    []  
60000     [9.28e-03, 1.38e-02, 3.68e-03, 5.39e-03, 8.06e-03, 1.91e-02, 1.33e-03, 2.25e-03, 2.46e-01, 8.62e+01, 2.14e-02]    [9.28e-03, 1.38e-02, 3.68e-03, 5.39e-03, 8.06e-03, 1.91e-02, 1.33e-03, 2.25e-03, 2.46e-01, 8.62e+01, 2.14e-02]    []  
70000     [6.18e-03, 8.86e-03, 2.52e-03, 3.14e-02, 8.47e-03, 2.87e-02, 3.94e-04, 1.35e-03, 2.46e-01, 7.31e+00, 9.60e-03]    [6.18e-03, 8.86e-03, 2.52e-03, 3.14e-02, 8.47e-03, 2.87e-02, 3.94e-04, 1.35e-03, 2.46e-01, 7.31e+00, 9.60e-03]    []  
80000     [4.81e-03, 9.16e-03, 1.18e-01, 7.45e-02, 9.47e-03, 2.75e-02, 1.81e-04, 1.12e-03, 2.45e-01, 6.73e+00, 5.30e-03]    [4.81e-03, 9.16e-03, 1.18e-01, 7.45e-02, 9.47e-03, 2.75e-02, 1.81e-04, 1.12e-03, 2.45e-01, 6.73e+00, 5.30e-03]    []  
90000     [7.71e-03, 5.60e-03, 2.71e-03, 7.73e-03, 6.89e-03, 2.12e-02, 2.10e-04, 1.12e-03, 2.46e-01, 1.47e+00, 7.68e-03]    [7.71e-03, 5.60e-03, 2.71e-03, 7.73e-03, 6.89e-03, 2.12e-02, 2.10e-04, 1.12e-03, 2.46e-01, 1.47e+00, 7.68e-03]    []  
100000    [4.37e-03, 9.05e-03, 3.89e-03, 9.35e-03, 7.82e-03, 1.88e-02, 1.81e-04, 1.18e-03, 2.45e-01, 3.30e-01, 7.45e-03]    [4.37e-03, 9.05e-03, 3.89e-03, 9.35e-03, 7.82e-03, 1.88e-02, 1.81e-04, 1.18e-03, 2.45e-01, 3.30e-01, 7.45e-03]    []  
110000    [5.97e-03, 6.68e-03, 4.30e-03, 1.15e-02, 4.63e-03, 1.10e-02, 1.83e-04, 1.15e-03, 2.24e-01, 9.01e-02, 6.19e-03]    [5.97e-03, 6.68e-03, 4.30e-03, 1.15e-02, 4.63e-03, 1.10e-02, 1.83e-04, 1.15e-03, 2.24e-01, 9.01e-02, 6.19e-03]    []  
120000    [3.73e-03, 4.91e-03, 1.20e-02, 3.66e-02, 4.74e-03, 1.60e-02, 1.51e-03, 8.09e-03, 8.39e-02, 3.36e-02, 2.57e-03]    [3.73e-03, 4.91e-03, 1.20e-02, 3.66e-02, 4.74e-03, 1.60e-02, 1.51e-03, 8.09e-03, 8.39e-02, 3.36e-02, 2.57e-03]    []  
130000    [2.55e-03, 2.74e-03, 9.19e-03, 4.28e-02, 3.14e-03, 8.25e-03, 2.09e-03, 1.00e-02, 4.16e-02, 1.76e-02, 7.52e-04]    [2.55e-03, 2.74e-03, 9.19e-03, 4.28e-02, 3.14e-03, 8.25e-03, 2.09e-03, 1.00e-02, 4.16e-02, 1.76e-02, 7.52e-04]    []  
140000    [2.14e-03, 2.57e-03, 9.21e-03, 3.16e-02, 2.96e-03, 1.29e-02, 2.00e-03, 9.86e-03, 3.56e-02, 1.62e-02, 5.65e-04]    [2.14e-03, 2.57e-03, 9.21e-03, 3.16e-02, 2.96e-03, 1.29e-02, 2.00e-03, 9.86e-03, 3.56e-02, 1.62e-02, 5.65e-04]    []  
150000    [1.98e-03, 2.37e-03, 8.84e-03, 3.20e-02, 4.79e-03, 1.10e-02, 2.02e-03, 9.51e-03, 3.36e-02, 1.39e-02, 4.74e-04]    [1.98e-03, 2.37e-03, 8.84e-03, 3.20e-02, 4.79e-03, 1.10e-02, 2.02e-03, 9.51e-03, 3.36e-02, 1.39e-02, 4.74e-04]    []  

Best model at step 150000:
  train loss: 1.21e-01
  test loss: 1.21e-01
  test metric: []

'train' took 40029.262127 s

Use filtered surface speed with elevation azimuth and calculate along-flow surface slope...
Use filtered surface speed with elevation azimuth and calculate along-flow surface slope...
Using already loaded history
