Set the default float type to float64
add Fourier feature transform to input transform
add output transform with [-3.1709792e-04 -3.1709792e-04 -3.1709792e-04 -3.1709792e-04
 -1.0000000e+03  1.0000000e+01  1.0000000e-02] and [3.1709792e-04 3.1709792e-04 3.1709792e-04 3.1709792e-04 3.6000000e+03
 3.5000000e+03 1.0000000e+04]
Compiling model...
'compile' took 0.005596 s

Training model...

Step      Train loss                                                                                                        Test loss                                                                                                         Test metric
0         [2.35e+02, 2.40e+02, 1.35e+02, 3.17e+02, 6.32e+02, 3.71e+03, 1.27e+05, 1.50e+05, 4.69e+00, 9.10e+00, 4.93e-02]    [2.35e+02, 2.40e+02, 1.35e+02, 3.17e+02, 6.32e+02, 3.71e+03, 1.27e+05, 1.50e+05, 4.69e+00, 9.10e+00, 4.93e-02]    []  
10000     [7.48e-03, 6.61e-03, 7.79e-03, 1.04e-02, 6.23e-03, 2.87e-02, 1.81e-01, 1.55e-01, 2.40e-01, 8.34e-01, 2.70e-02]    [7.48e-03, 6.61e-03, 7.79e-03, 1.04e-02, 6.23e-03, 2.87e-02, 1.81e-01, 1.55e-01, 2.40e-01, 8.34e-01, 2.70e-02]    []  
20000     [8.13e-03, 6.91e-03, 3.90e-03, 1.27e-02, 4.38e-03, 1.21e-02, 4.78e-02, 7.25e-03, 2.09e-01, 1.08e-01, 8.19e-03]    [8.13e-03, 6.91e-03, 3.90e-03, 1.27e-02, 4.38e-03, 1.21e-02, 4.78e-02, 7.25e-03, 2.09e-01, 1.08e-01, 8.19e-03]    []  
30000     [1.30e-02, 1.92e-02, 8.82e-03, 2.86e-02, 2.35e-03, 9.46e-03, 2.02e-02, 4.24e-03, 1.29e-01, 4.22e-02, 9.98e-04]    [1.30e-02, 1.92e-02, 8.82e-03, 2.86e-02, 2.35e-03, 9.46e-03, 2.02e-02, 4.24e-03, 1.29e-01, 4.22e-02, 9.98e-04]    []  
40000     [6.43e-03, 1.15e-02, 6.68e-03, 3.22e-02, 3.42e-03, 1.21e-02, 6.77e-03, 8.25e-03, 1.03e-01, 3.65e-02, 6.88e-04]    [6.43e-03, 1.15e-02, 6.68e-03, 3.22e-02, 3.42e-03, 1.21e-02, 6.77e-03, 8.25e-03, 1.03e-01, 3.65e-02, 6.88e-04]    []  
50000     [8.17e-03, 1.46e-02, 6.65e-03, 3.45e-02, 3.44e-03, 1.27e-02, 1.17e-02, 4.03e-03, 9.13e-02, 3.41e-02, 4.71e-04]    [8.17e-03, 1.46e-02, 6.65e-03, 3.45e-02, 3.44e-03, 1.27e-02, 1.17e-02, 4.03e-03, 9.13e-02, 3.41e-02, 4.71e-04]    []  
60000     [5.28e-03, 1.24e-02, 7.28e-03, 2.90e-02, 2.73e-03, 1.57e-02, 1.07e-02, 7.85e-02, 8.47e-02, 4.27e-02, 2.81e-03]    [5.28e-03, 1.24e-02, 7.28e-03, 2.90e-02, 2.73e-03, 1.57e-02, 1.07e-02, 7.85e-02, 8.47e-02, 4.27e-02, 2.81e-03]    []  
70000     [5.41e-03, 9.19e-03, 7.62e-03, 3.51e-02, 3.36e-03, 1.34e-02, 1.62e-03, 1.81e-02, 8.28e-02, 3.29e-02, 1.72e-03]    [5.41e-03, 9.19e-03, 7.62e-03, 3.51e-02, 3.36e-03, 1.34e-02, 1.62e-03, 1.81e-02, 8.28e-02, 3.29e-02, 1.72e-03]    []  
80000     [5.71e-03, 7.74e-03, 8.17e-03, 3.55e-02, 2.20e-03, 1.18e-02, 1.04e-03, 1.38e-02, 7.71e-02, 3.19e-02, 3.53e-04]    [5.71e-03, 7.74e-03, 8.17e-03, 3.55e-02, 2.20e-03, 1.18e-02, 1.04e-03, 1.38e-02, 7.71e-02, 3.19e-02, 3.53e-04]    []  
90000     [5.36e-03, 7.95e-03, 8.31e-03, 3.50e-02, 2.34e-03, 1.38e-02, 1.84e-03, 1.91e-02, 7.15e-02, 2.74e-02, 2.95e-04]    [5.36e-03, 7.95e-03, 8.31e-03, 3.50e-02, 2.34e-03, 1.38e-02, 1.84e-03, 1.91e-02, 7.15e-02, 2.74e-02, 2.95e-04]    []  
100000    [6.79e-03, 2.27e-02, 8.09e-03, 5.14e-02, 2.78e-03, 8.03e-03, 7.76e-04, 1.63e-02, 7.22e-02, 2.80e-02, 1.32e-03]    [6.79e-03, 2.27e-02, 8.09e-03, 5.14e-02, 2.78e-03, 8.03e-03, 7.76e-04, 1.63e-02, 7.22e-02, 2.80e-02, 1.32e-03]    []  

Best model at step 90000:
  train loss: 1.93e-01
  test loss: 1.93e-01
  test metric: []

'train' took 24355.020711 s

