Set the default float type to float64
add Fourier feature transform to input transform
add output transform with [-3.1709792e-04 -3.1709792e-04 -3.1709792e-06 -3.1709792e-06
 -1.0000000e+03  1.0000000e+01  1.0000000e-02] and [3.1709792e-04 3.1709792e-04 3.1709792e-06 3.1709792e-06 4.0000000e+03
 4.0000000e+03 1.0000000e+04]
Compiling model...
'compile' took 0.005740 s

Training model...

Step      Train loss                                                                                                        Test loss                                                                                                         Test metric
0         [1.04e+02, 1.37e+02, 2.16e+02, 8.92e+01, 1.22e+03, 2.73e+02, 1.08e+01, 2.17e+00, 1.51e+00, 1.13e+00, 9.48e-02]    [1.04e+02, 1.37e+02, 2.16e+02, 8.92e+01, 1.22e+03, 2.73e+02, 1.08e+01, 2.17e+00, 1.51e+00, 1.13e+00, 9.48e-02]    []  
10000     [2.38e-03, 7.85e-03, 1.61e-01, 9.01e-03, 2.82e-02, 2.45e-02, 3.81e-02, 1.90e-01, 9.84e-02, 3.15e+00, 1.36e-02]    [2.38e-03, 7.85e-03, 1.61e-01, 9.01e-03, 2.82e-02, 2.45e-02, 3.81e-02, 1.90e-01, 9.84e-02, 3.15e+00, 1.36e-02]    []  
20000     [1.48e-03, 8.05e-03, 7.26e-02, 3.07e-03, 1.18e-02, 2.65e-02, 3.58e-02, 1.87e-01, 9.82e-02, 2.20e+00, 1.19e-02]    [1.48e-03, 8.05e-03, 7.26e-02, 3.07e-03, 1.18e-02, 2.65e-02, 3.58e-02, 1.87e-01, 9.82e-02, 2.20e+00, 1.19e-02]    []  
30000     [1.57e-03, 8.24e-03, 1.27e-03, 9.47e-03, 4.86e-03, 1.30e-02, 3.58e-02, 2.01e-01, 9.83e-02, 8.86e-01, 1.25e-02]    [1.57e-03, 8.24e-03, 1.27e-03, 9.47e-03, 4.86e-03, 1.30e-02, 3.58e-02, 2.01e-01, 9.83e-02, 8.86e-01, 1.25e-02]    []  
40000     [1.73e-03, 9.53e-03, 1.13e-03, 3.56e-03, 4.10e-03, 1.25e-02, 3.60e-02, 1.99e-01, 9.82e-02, 2.21e-01, 1.50e-02]    [1.73e-03, 9.53e-03, 1.13e-03, 3.56e-03, 4.10e-03, 1.25e-02, 3.60e-02, 1.99e-01, 9.82e-02, 2.21e-01, 1.50e-02]    []  
50000     [1.53e-03, 3.48e-03, 2.13e-03, 7.42e-03, 2.64e-03, 5.89e-03, 2.88e-02, 1.31e-01, 9.55e-02, 1.55e-02, 2.61e-03]    [1.53e-03, 3.48e-03, 2.13e-03, 7.42e-03, 2.64e-03, 5.89e-03, 2.88e-02, 1.31e-01, 9.55e-02, 1.55e-02, 2.61e-03]    []  
60000     [1.32e-03, 2.19e-03, 2.72e-03, 8.28e-03, 2.46e-03, 4.88e-03, 4.11e-03, 8.89e-03, 8.68e-02, 6.46e-03, 2.42e-04]    [1.32e-03, 2.19e-03, 2.72e-03, 8.28e-03, 2.46e-03, 4.88e-03, 4.11e-03, 8.89e-03, 8.68e-02, 6.46e-03, 2.42e-04]    []  
70000     [1.67e-03, 2.26e-03, 4.58e-03, 1.50e-02, 1.31e-03, 4.26e-03, 2.75e-03, 4.97e-03, 7.20e-02, 5.14e-03, 1.16e-04]    [1.67e-03, 2.26e-03, 4.58e-03, 1.50e-02, 1.31e-03, 4.26e-03, 2.75e-03, 4.97e-03, 7.20e-02, 5.14e-03, 1.16e-04]    []  
80000     [5.19e-03, 1.60e-02, 1.60e-03, 5.58e-03, 3.82e-03, 1.02e-02, 2.89e-02, 1.43e-01, 9.56e-02, 1.21e-01, 2.30e-02]    [5.19e-03, 1.60e-02, 1.60e-03, 5.58e-03, 3.82e-03, 1.02e-02, 2.89e-02, 1.43e-01, 9.56e-02, 1.21e-01, 2.30e-02]    []  
90000     [1.22e-03, 1.70e-03, 2.15e-03, 7.44e-03, 2.75e-03, 5.44e-03, 5.59e-03, 1.19e-02, 9.20e-02, 7.85e-03, 4.89e-04]    [1.22e-03, 1.70e-03, 2.15e-03, 7.44e-03, 2.75e-03, 5.44e-03, 5.59e-03, 1.19e-02, 9.20e-02, 7.85e-03, 4.89e-04]    []  
100000    [1.52e-03, 2.35e-03, 2.94e-03, 1.17e-02, 3.64e-03, 8.67e-03, 2.79e-03, 6.06e-03, 7.16e-02, 4.99e-03, 2.34e-04]    [1.52e-03, 2.35e-03, 2.94e-03, 1.17e-02, 3.64e-03, 8.67e-03, 2.79e-03, 6.06e-03, 7.16e-02, 4.99e-03, 2.34e-04]    []  

Best model at step 70000:
  train loss: 1.14e-01
  test loss: 1.14e-01
  test metric: []

'train' took 26677.396671 s

Use filtered surface speed with elevation azimuth and calculate along-flow surface slope...
Use filtered surface speed with elevation azimuth and calculate along-flow surface slope...
Using already loaded history
