Set the default float type to float64
add Fourier feature transform to input transform
add output transform with [-3.1709792e-04 -3.1709792e-04 -3.1709792e-06 -3.1709792e-06
 -1.0000000e+03  1.0000000e+01  1.0000000e-02] and [3.1709792e-04 3.1709792e-04 3.1709792e-06 3.1709792e-06 4.0000000e+03
 4.0000000e+03 1.0000000e+04]
Compiling model...
'compile' took 0.005565 s

Training model...

Step      Train loss                                                                                                        Test loss                                                                                                         Test metric
0         [5.12e+01, 6.52e+01, 4.64e+01, 5.98e+01, 4.68e+02, 2.97e+02, 4.35e-01, 2.58e+00, 1.63e+00, 2.75e+00, 3.53e-02]    [5.12e+01, 6.52e+01, 4.64e+01, 5.98e+01, 4.68e+02, 2.97e+02, 4.35e-01, 2.58e+00, 1.63e+00, 2.75e+00, 3.53e-02]    []  
10000     [3.31e-03, 3.75e-03, 3.19e-03, 6.94e-03, 2.42e-03, 3.11e-03, 5.66e-04, 5.46e-04, 1.12e-02, 3.35e-02, 8.58e-03]    [3.31e-03, 3.75e-03, 3.19e-03, 6.94e-03, 2.42e-03, 3.11e-03, 5.66e-04, 5.46e-04, 1.12e-02, 3.35e-02, 8.58e-03]    []  
20000     [1.77e-03, 1.87e-03, 1.30e-03, 3.38e-03, 5.63e-04, 1.30e-03, 4.23e-04, 4.37e-04, 4.53e-03, 2.22e-02, 3.61e-03]    [1.77e-03, 1.87e-03, 1.30e-03, 3.38e-03, 5.63e-04, 1.30e-03, 4.23e-04, 4.37e-04, 4.53e-03, 2.22e-02, 3.61e-03]    []  
30000     [1.67e-03, 1.71e-03, 1.26e-03, 2.94e-03, 6.62e-04, 1.04e-03, 1.20e-03, 2.13e-03, 3.54e-03, 1.99e-02, 2.86e-03]    [1.67e-03, 1.71e-03, 1.26e-03, 2.94e-03, 6.62e-04, 1.04e-03, 1.20e-03, 2.13e-03, 3.54e-03, 1.99e-02, 2.86e-03]    []  
40000     [1.52e-03, 1.54e-03, 1.21e-03, 2.70e-03, 4.50e-04, 8.89e-04, 3.52e-04, 4.44e-04, 3.26e-03, 1.81e-02, 2.53e-03]    [1.52e-03, 1.54e-03, 1.21e-03, 2.70e-03, 4.50e-04, 8.89e-04, 3.52e-04, 4.44e-04, 3.26e-03, 1.81e-02, 2.53e-03]    []  
50000     [1.39e-03, 1.53e-03, 1.11e-03, 2.89e-03, 4.13e-04, 8.08e-04, 7.09e-04, 1.95e-03, 3.07e-03, 1.72e-02, 2.34e-03]    [1.39e-03, 1.53e-03, 1.11e-03, 2.89e-03, 4.13e-04, 8.08e-04, 7.09e-04, 1.95e-03, 3.07e-03, 1.72e-02, 2.34e-03]    []  
60000     [1.51e-03, 1.41e-03, 1.33e-03, 2.32e-03, 7.63e-04, 1.51e-03, 5.74e-03, 1.12e-02, 2.98e-03, 1.79e-02, 2.08e-03]    [1.51e-03, 1.41e-03, 1.33e-03, 2.32e-03, 7.63e-04, 1.51e-03, 5.74e-03, 1.12e-02, 2.98e-03, 1.79e-02, 2.08e-03]    []  
70000     [1.30e-03, 1.31e-03, 1.37e-03, 2.94e-03, 8.61e-04, 1.06e-03, 3.79e-04, 2.68e-04, 2.86e-03, 1.61e-02, 2.02e-03]    [1.30e-03, 1.31e-03, 1.37e-03, 2.94e-03, 8.61e-04, 1.06e-03, 3.79e-04, 2.68e-04, 2.86e-03, 1.61e-02, 2.02e-03]    []  
80000     [1.24e-03, 1.19e-03, 1.08e-03, 2.37e-03, 5.45e-04, 6.66e-04, 2.65e-04, 9.99e-04, 2.82e-03, 1.57e-02, 1.87e-03]    [1.24e-03, 1.19e-03, 1.08e-03, 2.37e-03, 5.45e-04, 6.66e-04, 2.65e-04, 9.99e-04, 2.82e-03, 1.57e-02, 1.87e-03]    []  
90000     [1.21e-03, 1.17e-03, 9.49e-04, 2.23e-03, 3.59e-04, 5.96e-04, 2.44e-04, 3.32e-04, 2.74e-03, 1.53e-02, 1.79e-03]    [1.21e-03, 1.17e-03, 9.49e-04, 2.23e-03, 3.59e-04, 5.96e-04, 2.44e-04, 3.32e-04, 2.74e-03, 1.53e-02, 1.79e-03]    []  
100000    [1.23e-03, 1.11e-03, 9.92e-04, 2.26e-03, 3.65e-04, 6.17e-04, 3.27e-04, 3.86e-04, 2.68e-03, 1.51e-02, 1.72e-03]    [1.23e-03, 1.11e-03, 9.92e-04, 2.26e-03, 3.65e-04, 6.17e-04, 3.27e-04, 3.86e-04, 2.68e-03, 1.51e-02, 1.72e-03]    []  

Best model at step 100000:
  train loss: 2.68e-02
  test loss: 2.68e-02
  test metric: []

'train' took 23780.346618 s

Use filtered surface speed with elevation azimuth and calculate along-flow surface slope...
Use filtered surface speed with elevation azimuth and calculate along-flow surface slope...
Using already loaded history
