Set the default float type to float64
add Fourier feature transform to input transform
add output transform with [-3.1709792e-04 -3.1709792e-04 -3.1709792e-06 -3.1709792e-06
 -1.0000000e+03  1.0000000e+01  1.0000000e-02] and [3.1709792e-04 3.1709792e-04 3.1709792e-06 3.1709792e-06 4.0000000e+03
 4.0000000e+03 1.0000000e+04]
Compiling model...
'compile' took 0.007904 s

Training model...

Step      Train loss                                                                                                        Test loss                                                                                                         Test metric
0         [1.46e+02, 1.46e+02, 1.09e+02, 1.12e+02, 5.85e+02, 4.89e+02, 6.99e+00, 6.91e+00, 1.69e+00, 1.10e+01, 4.39e-02]    [1.46e+02, 1.46e+02, 1.09e+02, 1.12e+02, 5.85e+02, 4.89e+02, 6.99e+00, 6.91e+00, 1.69e+00, 1.10e+01, 4.39e-02]    []  
10000     [4.25e-03, 3.36e-03, 3.63e-03, 1.04e-02, 2.89e-03, 6.83e-03, 1.85e-03, 1.56e-03, 1.04e-02, 7.56e-02, 8.63e-03]    [4.25e-03, 3.36e-03, 3.63e-03, 1.04e-02, 2.89e-03, 6.83e-03, 1.85e-03, 1.56e-03, 1.04e-02, 7.56e-02, 8.63e-03]    []  
20000     [2.14e-03, 2.37e-03, 1.73e-03, 4.34e-03, 9.95e-04, 1.53e-03, 1.56e-03, 1.59e-03, 4.55e-03, 4.85e-02, 6.64e-03]    [2.14e-03, 2.37e-03, 1.73e-03, 4.34e-03, 9.95e-04, 1.53e-03, 1.56e-03, 1.59e-03, 4.55e-03, 4.85e-02, 6.64e-03]    []  
30000     [1.99e-03, 2.14e-03, 1.56e-03, 3.76e-03, 7.19e-04, 1.26e-03, 1.13e-03, 1.62e-03, 3.99e-03, 4.01e-02, 5.40e-03]    [1.99e-03, 2.14e-03, 1.56e-03, 3.76e-03, 7.19e-04, 1.26e-03, 1.13e-03, 1.62e-03, 3.99e-03, 4.01e-02, 5.40e-03]    []  
40000     [1.95e-03, 2.14e-03, 1.53e-03, 4.06e-03, 5.99e-04, 1.38e-03, 3.30e-03, 1.12e-02, 3.55e-03, 3.58e-02, 4.74e-03]    [1.95e-03, 2.14e-03, 1.53e-03, 4.06e-03, 5.99e-04, 1.38e-03, 3.30e-03, 1.12e-02, 3.55e-03, 3.58e-02, 4.74e-03]    []  
50000     [1.69e-03, 1.98e-03, 1.39e-03, 3.50e-03, 5.71e-04, 1.46e-03, 1.13e-03, 1.32e-03, 3.37e-03, 3.22e-02, 4.27e-03]    [1.69e-03, 1.98e-03, 1.39e-03, 3.50e-03, 5.71e-04, 1.46e-03, 1.13e-03, 1.32e-03, 3.37e-03, 3.22e-02, 4.27e-03]    []  
60000     [1.68e-03, 2.10e-03, 1.47e-03, 3.56e-03, 1.32e-03, 2.19e-03, 4.55e-03, 1.15e-02, 3.16e-03, 3.04e-02, 3.92e-03]    [1.68e-03, 2.10e-03, 1.47e-03, 3.56e-03, 1.32e-03, 2.19e-03, 4.55e-03, 1.15e-02, 3.16e-03, 3.04e-02, 3.92e-03]    []  
70000     [1.60e-03, 1.88e-03, 1.35e-03, 3.25e-03, 4.92e-04, 9.67e-04, 5.00e-04, 4.45e-04, 2.98e-03, 2.83e-02, 3.75e-03]    [1.60e-03, 1.88e-03, 1.35e-03, 3.25e-03, 4.92e-04, 9.67e-04, 5.00e-04, 4.45e-04, 2.98e-03, 2.83e-02, 3.75e-03]    []  
80000     [1.52e-03, 1.80e-03, 1.31e-03, 3.02e-03, 4.80e-04, 9.50e-04, 4.79e-04, 5.58e-04, 2.88e-03, 2.72e-02, 3.64e-03]    [1.52e-03, 1.80e-03, 1.31e-03, 3.02e-03, 4.80e-04, 9.50e-04, 4.79e-04, 5.58e-04, 2.88e-03, 2.72e-02, 3.64e-03]    []  
90000     [1.48e-03, 1.73e-03, 1.22e-03, 2.94e-03, 4.95e-04, 8.46e-04, 3.94e-04, 5.04e-04, 2.80e-03, 2.61e-02, 3.45e-03]    [1.48e-03, 1.73e-03, 1.22e-03, 2.94e-03, 4.95e-04, 8.46e-04, 3.94e-04, 5.04e-04, 2.80e-03, 2.61e-02, 3.45e-03]    []  
100000    [1.42e-03, 1.69e-03, 1.16e-03, 2.89e-03, 4.85e-04, 8.32e-04, 3.53e-04, 3.07e-04, 2.73e-03, 2.54e-02, 3.35e-03]    [1.42e-03, 1.69e-03, 1.16e-03, 2.89e-03, 4.85e-04, 8.32e-04, 3.53e-04, 3.07e-04, 2.73e-03, 2.54e-02, 3.35e-03]    []  
110000    [1.38e-03, 1.65e-03, 1.13e-03, 2.84e-03, 4.81e-04, 8.09e-04, 3.44e-04, 3.25e-04, 2.65e-03, 2.47e-02, 3.26e-03]    [1.38e-03, 1.65e-03, 1.13e-03, 2.84e-03, 4.81e-04, 8.09e-04, 3.44e-04, 3.25e-04, 2.65e-03, 2.47e-02, 3.26e-03]    []  
120000    [1.35e-03, 1.60e-03, 1.18e-03, 3.01e-03, 5.62e-04, 1.15e-03, 3.82e-04, 5.74e-04, 2.59e-03, 2.42e-02, 3.23e-03]    [1.35e-03, 1.60e-03, 1.18e-03, 3.01e-03, 5.62e-04, 1.15e-03, 3.82e-04, 5.74e-04, 2.59e-03, 2.42e-02, 3.23e-03]    []  
130000    [1.34e-03, 1.62e-03, 1.09e-03, 2.70e-03, 4.35e-04, 7.45e-04, 3.02e-04, 2.40e-04, 2.49e-03, 2.36e-02, 3.10e-03]    [1.34e-03, 1.62e-03, 1.09e-03, 2.70e-03, 4.35e-04, 7.45e-04, 3.02e-04, 2.40e-04, 2.49e-03, 2.36e-02, 3.10e-03]    []  
140000    [1.31e-03, 1.69e-03, 1.35e-03, 2.85e-03, 1.47e-03, 7.46e-04, 9.09e-04, 3.62e-03, 2.37e-03, 2.37e-02, 3.08e-03]    [1.31e-03, 1.69e-03, 1.35e-03, 2.85e-03, 1.47e-03, 7.46e-04, 9.09e-04, 3.62e-03, 2.37e-03, 2.37e-02, 3.08e-03]    []  
150000    [1.39e-03, 1.68e-03, 1.18e-03, 2.65e-03, 4.95e-04, 1.08e-03, 3.40e-04, 9.21e-04, 2.27e-03, 2.27e-02, 2.91e-03]    [1.39e-03, 1.68e-03, 1.18e-03, 2.65e-03, 4.95e-04, 1.08e-03, 3.40e-04, 9.21e-04, 2.27e-03, 2.27e-02, 2.91e-03]    []  
160000    [1.41e-03, 1.70e-03, 1.08e-03, 2.61e-03, 4.07e-04, 6.94e-04, 4.17e-04, 1.63e-03, 2.24e-03, 2.23e-02, 2.85e-03]    [1.41e-03, 1.70e-03, 1.08e-03, 2.61e-03, 4.07e-04, 6.94e-04, 4.17e-04, 1.63e-03, 2.24e-03, 2.23e-02, 2.85e-03]    []  
170000    [1.38e-03, 1.61e-03, 1.11e-03, 2.54e-03, 4.10e-04, 6.16e-04, 2.81e-04, 2.33e-04, 2.14e-03, 2.15e-02, 2.81e-03]    [1.38e-03, 1.61e-03, 1.11e-03, 2.54e-03, 4.10e-04, 6.16e-04, 2.81e-04, 2.33e-04, 2.14e-03, 2.15e-02, 2.81e-03]    []  
180000    [1.31e-03, 1.54e-03, 1.01e-03, 2.32e-03, 4.03e-04, 6.10e-04, 2.21e-04, 1.62e-04, 2.09e-03, 2.10e-02, 2.70e-03]    [1.31e-03, 1.54e-03, 1.01e-03, 2.32e-03, 4.03e-04, 6.10e-04, 2.21e-04, 1.62e-04, 2.09e-03, 2.10e-02, 2.70e-03]    []  
190000    [1.33e-03, 1.53e-03, 9.93e-04, 2.18e-03, 4.17e-04, 6.35e-04, 2.42e-04, 2.10e-04, 2.06e-03, 2.04e-02, 2.60e-03]    [1.33e-03, 1.53e-03, 9.93e-04, 2.18e-03, 4.17e-04, 6.35e-04, 2.42e-04, 2.10e-04, 2.06e-03, 2.04e-02, 2.60e-03]    []  
200000    [1.31e-03, 1.55e-03, 9.89e-04, 2.29e-03, 4.92e-04, 6.73e-04, 2.16e-04, 1.42e-03, 2.01e-03, 1.98e-02, 2.48e-03]    [1.31e-03, 1.55e-03, 9.89e-04, 2.29e-03, 4.92e-04, 6.73e-04, 2.16e-04, 1.42e-03, 2.01e-03, 1.98e-02, 2.48e-03]    []  

Best model at step 190000:
  train loss: 3.26e-02
  test loss: 3.26e-02
  test metric: []

'train' took 47407.612269 s

Use filtered surface speed with elevation azimuth and calculate along-flow surface slope...
Use filtered surface speed with elevation azimuth and calculate along-flow surface slope...
Using already loaded history
