Set the default float type to float64
add Fourier feature transform to input transform
add output transform with [-3.1709792e-04 -3.1709792e-04 -3.1709792e-06 -3.1709792e-06
 -1.0000000e+03  1.0000000e+01  1.0000000e-02] and [3.1709792e-04 3.1709792e-04 3.1709792e-06 3.1709792e-06 4.0000000e+03
 4.0000000e+03 1.0000000e+04]
Compiling model...
'compile' took 0.005517 s

Training model...

Step      Train loss                                                                                                        Test loss                                                                                                         Test metric
0         [2.08e+02, 3.01e+02, 1.78e+02, 2.11e+02, 1.95e+03, 3.86e+02, 2.23e+01, 4.91e+00, 6.35e+00, 8.89e+00, 3.89e-02]    [2.08e+02, 3.01e+02, 1.78e+02, 2.11e+02, 1.95e+03, 3.86e+02, 2.23e+01, 4.91e+00, 6.35e+00, 8.89e+00, 3.89e-02]    []  
10000     [3.71e-03, 1.05e-02, 4.48e-03, 6.13e-03, 1.45e-02, 1.62e-02, 3.76e-02, 2.05e-01, 2.43e-01, 8.94e-01, 1.23e-02]    [3.71e-03, 1.05e-02, 4.48e-03, 6.13e-03, 1.45e-02, 1.62e-02, 3.76e-02, 2.05e-01, 2.43e-01, 8.94e-01, 1.23e-02]    []  
20000     [5.63e-03, 7.82e-03, 1.40e-02, 3.37e-02, 6.15e-03, 1.40e-02, 3.35e-02, 1.55e-01, 1.21e-01, 9.08e-02, 1.67e-03]    [5.63e-03, 7.82e-03, 1.40e-02, 3.37e-02, 6.15e-03, 1.40e-02, 3.35e-02, 1.55e-01, 1.21e-01, 9.08e-02, 1.67e-03]    []  
30000     [3.61e-03, 4.50e-03, 1.36e-02, 4.81e-02, 4.77e-03, 1.66e-02, 1.32e-02, 3.97e-02, 7.06e-02, 3.45e-02, 9.52e-04]    [3.61e-03, 4.50e-03, 1.36e-02, 4.81e-02, 4.77e-03, 1.66e-02, 1.32e-02, 3.97e-02, 7.06e-02, 3.45e-02, 9.52e-04]    []  
40000     [5.05e-03, 6.32e-03, 1.19e-02, 4.40e-02, 4.79e-03, 1.61e-02, 9.77e-03, 2.58e-02, 8.30e-02, 4.22e-02, 1.22e-03]    [5.05e-03, 6.32e-03, 1.19e-02, 4.40e-02, 4.79e-03, 1.61e-02, 9.77e-03, 2.58e-02, 8.30e-02, 4.22e-02, 1.22e-03]    []  
