Set the default float type to float64
add Fourier feature transform to input transform
add output transform with [-3.1709792e-04 -3.1709792e-04 -3.1709792e-06 -3.1709792e-06
 -1.0000000e+03  1.0000000e+01  1.0000000e-02] and [3.1709792e-04 3.1709792e-04 3.1709792e-06 3.1709792e-06 4.0000000e+03
 4.0000000e+03 1.0000000e+04]
Compiling model...
'compile' took 0.006862 s

Training model...

Step      Train loss                                                                                                        Test loss                                                                                                         Test metric
0         [5.52e+01, 1.01e+02, 5.97e+01, 1.10e+02, 1.11e+03, 1.38e+03, 4.82e+00, 1.88e+01, 2.60e+00, 3.29e-01, 4.18e-02]    [5.52e+01, 1.01e+02, 5.97e+01, 1.10e+02, 1.11e+03, 1.38e+03, 4.82e+00, 1.88e+01, 2.60e+00, 3.29e-01, 4.18e-02]    []  
10000     [6.85e-03, 1.73e-02, 1.30e-02, 4.32e-02, 6.41e-03, 2.13e-02, 2.53e-02, 1.19e-01, 8.41e-02, 1.93e-02, 1.98e-03]    [6.85e-03, 1.73e-02, 1.30e-02, 4.32e-02, 6.41e-03, 2.13e-02, 2.53e-02, 1.19e-01, 8.41e-02, 1.93e-02, 1.98e-03]    []  
20000     [2.95e-03, 5.59e-03, 9.48e-03, 3.02e-02, 7.03e-03, 1.76e-02, 1.57e-02, 5.09e-02, 4.65e-02, 3.12e-02, 1.25e-03]    [2.95e-03, 5.59e-03, 9.48e-03, 3.02e-02, 7.03e-03, 1.76e-02, 1.57e-02, 5.09e-02, 4.65e-02, 3.12e-02, 1.25e-03]    []  
30000     [1.54e-01, 1.80e-01, 1.70e-01, 1.46e-01, 1.15e-01, 5.61e-02, 4.57e-02, 2.16e-01, 2.47e-01, 1.06e+02, 3.07e-02]    [1.54e-01, 1.80e-01, 1.70e-01, 1.46e-01, 1.15e-01, 5.61e-02, 4.57e-02, 2.16e-01, 2.47e-01, 1.06e+02, 3.07e-02]    []  
40000     [5.14e-03, 9.92e-03, 1.83e-02, 2.13e-02, 2.07e-02, 1.95e-02, 3.59e-02, 2.06e-01, 2.45e-01, 5.38e+00, 1.25e-02]    [5.14e-03, 9.92e-03, 1.83e-02, 2.13e-02, 2.07e-02, 1.95e-02, 3.59e-02, 2.06e-01, 2.45e-01, 5.38e+00, 1.25e-02]    []  
50000     [2.65e-03, 9.70e-03, 2.52e-03, 2.12e-02, 8.98e-03, 1.98e-02, 3.64e-02, 2.10e-01, 2.46e-01, 2.14e+01, 1.32e-02]    [2.65e-03, 9.70e-03, 2.52e-03, 2.12e-02, 8.98e-03, 1.98e-02, 3.64e-02, 2.10e-01, 2.46e-01, 2.14e+01, 1.32e-02]    []  
60000     [2.34e-03, 1.02e-02, 1.18e-03, 1.93e-03, 6.12e-03, 1.83e-02, 3.81e-02, 2.15e-01, 2.46e-01, 1.43e+01, 1.59e-02]    [2.34e-03, 1.02e-02, 1.18e-03, 1.93e-03, 6.12e-03, 1.83e-02, 3.81e-02, 2.15e-01, 2.46e-01, 1.43e+01, 1.59e-02]    []  
70000     [8.25e-03, 1.43e-02, 1.66e-02, 7.66e-03, 7.94e-03, 2.07e-02, 3.95e-02, 2.20e-01, 2.46e-01, 1.36e+01, 1.60e-02]    [8.25e-03, 1.43e-02, 1.66e-02, 7.66e-03, 7.94e-03, 2.07e-02, 3.95e-02, 2.20e-01, 2.46e-01, 1.36e+01, 1.60e-02]    []  
80000     [8.77e-02, 1.01e-01, 7.29e-02, 8.26e-02, 1.10e-02, 2.92e-02, 4.03e-02, 2.21e-01, 2.46e-01, 4.70e+00, 1.34e-02]    [8.77e-02, 1.01e-01, 7.29e-02, 8.26e-02, 1.10e-02, 2.92e-02, 4.03e-02, 2.21e-01, 2.46e-01, 4.70e+00, 1.34e-02]    []  
90000     [5.94e-03, 1.64e-02, 4.35e-03, 7.73e-03, 6.51e-03, 1.89e-02, 3.89e-02, 2.21e-01, 2.46e-01, 1.32e+01, 1.42e-02]    [5.94e-03, 1.64e-02, 4.35e-03, 7.73e-03, 6.51e-03, 1.89e-02, 3.89e-02, 2.21e-01, 2.46e-01, 1.32e+01, 1.42e-02]    []  
100000    [2.16e-03, 8.45e-03, 1.34e-03, 4.82e-03, 8.68e-03, 2.22e-02, 3.88e-02, 2.21e-01, 2.46e-01, 9.74e-01, 1.32e-02]    [2.16e-03, 8.45e-03, 1.34e-03, 4.82e-03, 8.68e-03, 2.22e-02, 3.88e-02, 2.21e-01, 2.46e-01, 9.74e-01, 1.32e-02]    []  
110000    [2.18e-03, 1.25e-02, 1.46e-03, 4.20e-03, 8.77e-03, 2.34e-02, 3.92e-02, 2.24e-01, 2.46e-01, 1.19e+00, 1.05e-02]    [2.18e-03, 1.25e-02, 1.46e-03, 4.20e-03, 8.77e-03, 2.34e-02, 3.92e-02, 2.24e-01, 2.46e-01, 1.19e+00, 1.05e-02]    []  
120000    [3.75e-03, 6.81e-03, 1.38e-03, 4.26e-03, 6.72e-03, 2.03e-02, 3.90e-02, 2.24e-01, 2.46e-01, 8.89e+00, 1.09e-02]    [3.75e-03, 6.81e-03, 1.38e-03, 4.26e-03, 6.72e-03, 2.03e-02, 3.90e-02, 2.24e-01, 2.46e-01, 8.89e+00, 1.09e-02]    []  
130000    [2.63e-03, 6.93e-03, 1.06e-03, 2.74e-03, 6.53e-03, 1.96e-02, 3.87e-02, 2.21e-01, 2.46e-01, 5.15e-01, 1.04e-02]    [2.63e-03, 6.93e-03, 1.06e-03, 2.74e-03, 6.53e-03, 1.96e-02, 3.87e-02, 2.21e-01, 2.46e-01, 5.15e-01, 1.04e-02]    []  
140000    [1.07e-03, 7.66e-03, 1.11e-03, 3.59e-03, 6.59e-03, 1.94e-02, 3.86e-02, 2.19e-01, 2.46e-01, 1.18e-01, 1.11e-02]    [1.07e-03, 7.66e-03, 1.11e-03, 3.59e-03, 6.59e-03, 1.94e-02, 3.86e-02, 2.19e-01, 2.46e-01, 1.18e-01, 1.11e-02]    []  
150000    [5.45e-03, 5.84e-03, 5.52e-03, 1.26e-02, 3.48e-03, 7.61e-03, 1.84e-02, 2.87e-02, 2.12e-01, 1.24e-02, 1.85e-03]    [5.45e-03, 5.84e-03, 5.52e-03, 1.26e-02, 3.48e-03, 7.61e-03, 1.84e-02, 2.87e-02, 2.12e-01, 1.24e-02, 1.85e-03]    []  
160000    [2.35e-03, 9.43e-03, 4.83e-03, 3.92e-02, 6.53e-03, 2.40e-02, 3.57e-02, 1.96e-01, 2.44e-01, 1.08e+01, 1.08e-02]    [2.35e-03, 9.43e-03, 4.83e-03, 3.92e-02, 6.53e-03, 2.40e-02, 3.57e-02, 1.96e-01, 2.44e-01, 1.08e+01, 1.08e-02]    []  
170000    [2.23e-03, 9.10e-03, 1.43e-03, 3.62e-03, 5.83e-03, 1.86e-02, 3.74e-02, 2.12e-01, 2.46e-01, 3.34e+01, 1.39e-02]    [2.23e-03, 9.10e-03, 1.43e-03, 3.62e-03, 5.83e-03, 1.86e-02, 3.74e-02, 2.12e-01, 2.46e-01, 3.34e+01, 1.39e-02]    []  
180000    [2.16e-03, 9.05e-03, 2.86e-03, 7.98e-03, 7.63e-03, 2.20e-02, 3.73e-02, 2.10e-01, 2.46e-01, 1.35e+01, 1.27e-02]    [2.16e-03, 9.05e-03, 2.86e-03, 7.98e-03, 7.63e-03, 2.20e-02, 3.73e-02, 2.10e-01, 2.46e-01, 1.35e+01, 1.27e-02]    []  
190000    [2.53e-01, 8.02e-01, 7.97e+00, 3.85e+01, 2.83e-01, 1.87e+00, 3.87e-02, 2.79e-01, 2.49e-01, 2.25e+00, 1.97e-02]    [2.53e-01, 8.02e-01, 7.97e+00, 3.85e+01, 2.83e-01, 1.87e+00, 3.87e-02, 2.79e-01, 2.49e-01, 2.25e+00, 1.97e-02]    []  
200000    [1.35e-02, 1.26e-02, 6.38e-02, 9.56e-03, 2.58e-02, 2.40e-02, 3.77e-02, 2.07e-01, 2.46e-01, 1.03e+01, 1.36e-02]    [1.35e-02, 1.26e-02, 6.38e-02, 9.56e-03, 2.58e-02, 2.40e-02, 3.77e-02, 2.07e-01, 2.46e-01, 1.03e+01, 1.36e-02]    []  
210000    [1.85e-03, 1.06e-02, 1.19e-03, 2.99e-03, 1.06e-02, 3.43e-02, 3.77e-02, 2.17e-01, 2.46e-01, 2.62e+00, 1.43e-02]    [1.85e-03, 1.06e-02, 1.19e-03, 2.99e-03, 1.06e-02, 3.43e-02, 3.77e-02, 2.17e-01, 2.46e-01, 2.62e+00, 1.43e-02]    []  
220000    [4.05e-01, 1.85e-01, 5.11e+00, 1.81e+00, 7.12e-02, 3.99e-02, 4.06e-02, 2.18e-01, 2.46e-01, 2.27e+00, 1.47e-02]    [4.05e-01, 1.85e-01, 5.11e+00, 1.81e+00, 7.12e-02, 3.99e-02, 4.06e-02, 2.18e-01, 2.46e-01, 2.27e+00, 1.47e-02]    []  
230000    [4.12e-03, 7.36e-03, 1.35e-03, 2.96e-03, 9.14e-03, 2.74e-02, 3.79e-02, 2.24e-01, 2.46e-01, 8.37e-01, 1.13e-02]    [4.12e-03, 7.36e-03, 1.35e-03, 2.96e-03, 9.14e-03, 2.74e-02, 3.79e-02, 2.24e-01, 2.46e-01, 8.37e-01, 1.13e-02]    []  
240000    [4.33e-03, 8.76e-03, 1.69e-03, 5.25e-03, 6.19e-03, 1.53e-02, 3.32e-02, 1.60e-01, 2.45e-01, 2.56e-01, 1.35e-02]    [4.33e-03, 8.76e-03, 1.69e-03, 5.25e-03, 6.19e-03, 1.53e-02, 3.32e-02, 1.60e-01, 2.45e-01, 2.56e-01, 1.35e-02]    []  
250000    [3.24e-03, 1.09e-02, 2.10e-03, 4.39e-03, 6.06e-03, 1.51e-02, 3.24e-02, 1.68e-01, 2.45e-01, 6.44e-01, 1.32e-02]    [3.24e-03, 1.09e-02, 2.10e-03, 4.39e-03, 6.06e-03, 1.51e-02, 3.24e-02, 1.68e-01, 2.45e-01, 6.44e-01, 1.32e-02]    []  
260000    [5.79e-03, 9.74e-03, 5.46e-03, 4.90e-03, 9.40e-03, 1.73e-02, 2.68e-02, 1.12e-01, 2.45e-01, 9.04e-02, 1.24e-02]    [5.79e-03, 9.74e-03, 5.46e-03, 4.90e-03, 9.40e-03, 1.73e-02, 2.68e-02, 1.12e-01, 2.45e-01, 9.04e-02, 1.24e-02]    []  
270000    [5.34e-03, 7.34e-03, 5.91e-03, 1.52e-02, 3.58e-03, 8.08e-03, 1.06e-02, 2.56e-02, 2.01e-01, 1.53e-02, 3.17e-03]    [5.34e-03, 7.34e-03, 5.91e-03, 1.52e-02, 3.58e-03, 8.08e-03, 1.06e-02, 2.56e-02, 2.01e-01, 1.53e-02, 3.17e-03]    []  
280000    [2.35e-03, 9.78e-03, 2.13e-03, 1.36e-02, 5.22e-03, 2.56e-02, 3.71e-02, 2.03e-01, 2.40e-01, 4.79e+00, 1.17e-02]    [2.35e-03, 9.78e-03, 2.13e-03, 1.36e-02, 5.22e-03, 2.56e-02, 3.71e-02, 2.03e-01, 2.40e-01, 4.79e+00, 1.17e-02]    []  
290000    [1.96e-03, 9.03e-03, 2.50e-03, 5.75e-02, 8.62e-03, 4.75e-02, 3.68e-02, 1.98e-01, 2.45e-01, 4.01e+00, 1.18e-02]    [1.96e-03, 9.03e-03, 2.50e-03, 5.75e-02, 8.62e-03, 4.75e-02, 3.68e-02, 1.98e-01, 2.45e-01, 4.01e+00, 1.18e-02]    []  
300000    [2.65e-03, 7.64e-03, 8.82e-04, 2.48e-03, 5.10e-03, 1.70e-02, 3.70e-02, 1.99e-01, 2.45e-01, 2.99e+00, 1.05e-02]    [2.65e-03, 7.64e-03, 8.82e-04, 2.48e-03, 5.10e-03, 1.70e-02, 3.70e-02, 1.99e-01, 2.45e-01, 2.99e+00, 1.05e-02]    []  
310000    [3.43e-03, 8.17e-03, 2.89e-03, 7.52e-03, 4.10e-03, 9.60e-03, 3.11e-02, 1.29e-01, 2.36e-01, 2.07e-02, 9.11e-03]    [3.43e-03, 8.17e-03, 2.89e-03, 7.52e-03, 4.10e-03, 9.60e-03, 3.11e-02, 1.29e-01, 2.36e-01, 2.07e-02, 9.11e-03]    []  
320000    [2.72e-03, 1.00e-02, 1.92e-03, 8.42e-03, 6.88e-03, 1.77e-02, 3.47e-02, 1.84e-01, 2.45e-01, 2.17e+01, 1.18e-02]    [2.72e-03, 1.00e-02, 1.92e-03, 8.42e-03, 6.88e-03, 1.77e-02, 3.47e-02, 1.84e-01, 2.45e-01, 2.17e+01, 1.18e-02]    []  
330000    [2.47e-03, 9.54e-03, 7.23e-03, 2.54e-02, 4.79e-03, 2.56e-02, 2.93e-02, 1.69e-01, 2.45e-01, 4.39e+00, 1.12e-02]    [2.47e-03, 9.54e-03, 7.23e-03, 2.54e-02, 4.79e-03, 2.56e-02, 2.93e-02, 1.69e-01, 2.45e-01, 4.39e+00, 1.12e-02]    []  
340000    [4.75e-03, 1.04e-02, 8.67e-03, 8.57e-03, 6.71e-03, 1.90e-02, 3.69e-02, 1.94e-01, 2.46e-01, 1.64e+01, 1.19e-02]    [4.75e-03, 1.04e-02, 8.67e-03, 8.57e-03, 6.71e-03, 1.90e-02, 3.69e-02, 1.94e-01, 2.46e-01, 1.64e+01, 1.19e-02]    []  
350000    [4.19e-03, 1.01e-02, 3.34e-03, 6.22e-03, 9.52e-03, 2.31e-02, 3.62e-02, 1.95e-01, 2.46e-01, 2.67e+01, 1.00e-02]    [4.19e-03, 1.01e-02, 3.34e-03, 6.22e-03, 9.52e-03, 2.31e-02, 3.62e-02, 1.95e-01, 2.46e-01, 2.67e+01, 1.00e-02]    []  
360000    [2.32e-03, 9.26e-03, 9.49e-04, 1.89e-03, 7.00e-03, 1.80e-02, 3.38e-02, 1.90e-01, 2.46e-01, 2.86e+01, 1.24e-02]    [2.32e-03, 9.26e-03, 9.49e-04, 1.89e-03, 7.00e-03, 1.80e-02, 3.38e-02, 1.90e-01, 2.46e-01, 2.86e+01, 1.24e-02]    []  
370000    [2.21e-03, 8.96e-03, 5.88e-03, 7.53e-03, 6.42e-03, 2.16e-02, 3.39e-02, 1.93e-01, 2.46e-01, 5.16e+00, 9.46e-03]    [2.21e-03, 8.96e-03, 5.88e-03, 7.53e-03, 6.42e-03, 2.16e-02, 3.39e-02, 1.93e-01, 2.46e-01, 5.16e+00, 9.46e-03]    []  
380000    [1.83e-03, 8.28e-03, 2.30e-03, 5.12e-03, 4.71e-03, 1.24e-02, 3.22e-02, 1.80e-01, 2.45e-01, 1.01e-01, 9.58e-03]    [1.83e-03, 8.28e-03, 2.30e-03, 5.12e-03, 4.71e-03, 1.24e-02, 3.22e-02, 1.80e-01, 2.45e-01, 1.01e-01, 9.58e-03]    []  
